,Rk,Player,Pos,Age,Tm,G,MP,PER,TS%,3PAr,FTr,ORB%,DRB%,TRB%,AST%,STL%,BLK%,TOV%,USG%,Unnamed: 19,OWS,DWS,WS,WS/48,Unnamed: 24,OBPM,DBPM,BPM,VORP
0,1,Kareem Abdul-Jabbar*,C,41,LAL,74,1695,12.9,.511,.005,.250,7.3,14.2,11.0,6.1,1.1,2.9,11.5,20.1,,0.9,2.0,2.9,.082,,-2.3,0.0,-2.3,-0.1
1,2,Mark Acres,C,26,BOS,62,632,8.2,.507,.009,.421,10.9,15.6,13.3,3.7,1.5,0.6,14.5,10.4,,0.4,0.5,0.9,.066,,-2.1,-0.4,-2.5,-0.1
25,20,Benoit Benjamin,C,24,LAC,79,2585,17.4,.593,.002,.470,6.8,21.9,14.4,8.7,1.0,4.7,17.8,20.3,,2.3,2.9,5.1,.095,,-1.3,1.6,0.4,1.5
33,25,Uwe Blab,C,26,DAL,37,208,10.8,.540,.000,.481,5.9,17.3,11.7,8.2,0.7,3.6,18.2,16.0,,0.1,0.2,0.3,.069,,-4.2,0.5,-3.7,-0.1
36,28,Manute Bol,C,26,GSW,80,1769,9.8,.421,.265,.192,6.6,19.5,13.1,1.8,0.3,10.8,17.5,9.7,,-1.2,2.8,1.7,.046,,-5.7,4.7,-1.0,0.4
38,30,Sam Bowie,C,27,POR,20,412,13.7,.490,.046,.320,9.2,19.1,14.0,11.4,0.8,4.7,15.9,19.4,,0.0,0.5,0.5,.063,,-2.7,1.4,-1.2,0.1
41,33,Randy Breuer,C,28,MIL,48,513,13.8,.496,.000,.285,11.3,19.2,15.2,6.2,0.9,4.5,12.6,18.6,,0.2,0.7,0.9,.083,,-2.9,0.8,-2.0,0.0
42,34,Frank Brickowski,C,29,SAS,64,1822,15.0,.563,.003,.430,8.5,16.3,12.2,10.4,2.6,1.1,17.5,20.1,,1.4,2.2,3.6,.094,,-0.5,0.9,0.4,1.1
44,36,Mike Brown,C,25,UTA,66,1051,8.4,.491,.000,.524,10.5,16.3,13.6,5.5,1.2,1.0,20.1,15.4,,-0.4,1.8,1.4,.064,,-3.8,1.2,-2.6,-0.2
49,39,Greg Butler,C,22,NYK,33,140,4.7,.493,.063,.417,7.0,15.5,11.1,1.8,0.3,0.8,23.0,20.4,,-0.2,0.1,-0.1,-0.034,,-7.4,-3.7,-11.1,-0.3
54,43,Joe Barry Carroll,C,30,NJN,64,1996,14.2,.497,.000,.272,6.4,20.4,13.2,8.0,1.7,2.4,13.6,21.5,,0.1,2.2,2.3,.056,,-2.6,1.2,-1.4,0.3
55,44,Bill Cartwright,C,31,CHI,78,2333,11.0,.535,.000,.401,7.8,17.7,12.9,5.4,0.4,1.1,17.4,20.1,,0.1,2.0,2.1,.042,,-3.5,-1.3,-4.8,-1.7
57,46,Ron Cavenall,C,29,NJN,5,16,7.4,.577,.000,1.667,0.0,14.4,6.9,0.0,0.0,7.4,27.8,18.4,,0.0,0.0,0.0,-0.055,,-9.7,-0.6,-10.4,0.0
71,58,Wayne Cooper,C,32,DEN,79,1864,13.6,.530,.009,.239,11.1,23.8,17.1,5.0,0.9,6.4,13.0,11.6,,1.9,3.1,5.0,.128,,-2.4,3.5,1.0,1.4
73,60,Dave Corzine,C,32,CHI,81,1483,10.8,.497,.018,.218,7.4,16.8,12.3,9.5,1.0,1.8,16.2,16.6,,-0.1,1.5,1.4,.046,,-3.5,0.2,-3.3,-0.5
78,64,Earl Cureton,C,31,CHH,82,2047,10.1,.512,.002,.265,9.7,17.1,13.2,8.4,1.2,1.8,18.0,12.7,,0.3,1.2,1.5,.035,,-2.2,1.7,-0.5,0.8
84,68,Brad Daugherty,C,23,CLE,78,2821,18.5,.594,.003,.518,7.1,20.9,14.4,14.8,1.1,0.8,15.6,22.2,,5.0,4.6,9.6,.164,,1.2,1.4,2.6,3.3
91,73,Darryl Dawkins,C,32,DET,14,48,8.2,.501,.000,.947,7.4,9.0,8.2,3.1,0.0,1.3,12.9,27.6,,0.0,0.0,0.0,.027,,-4.8,-4.2,-8.9,-0.1
95,77,James Donaldson,C,31,DAL,53,1746,14.2,.614,.000,.368,10.1,25.7,18.0,3.1,0.7,2.7,17.5,11.8,,2.1,2.3,4.4,.122,,-1.7,1.3,-0.4,0.7
96,78,Greg Dreiling,C,26,IND,53,396,8.1,.613,.000,.831,11.6,14.0,12.9,6.1,0.6,1.6,27.1,15.2,,0.1,0.2,0.4,.045,,-2.6,-0.9,-3.5,-0.2
98,80,Kevin Duckworth,C,24,POR,79,2662,13.9,.531,.002,.369,9.7,16.4,12.9,3.1,1.0,1.1,12.9,22.4,,2.5,2.3,4.8,.086,,-1.7,-2.0,-3.7,-1.1
100,81,Chris Dudley,C,23,CLE,61,544,8.7,.430,.006,.637,15.8,16.7,16.3,5.2,0.8,2.4,17.0,20.2,,-0.7,0.8,0.1,.011,,-5.0,-0.6,-5.6,-0.5
105,86,Mark Eaton,C,32,UTA,82,2914,10.6,.513,.000,.491,9.4,21.8,16.1,3.8,0.7,6.5,22.3,9.2,,0.0,6.5,6.6,.108,,-3.1,6.1,3.0,3.7
106,87,James Edwards,C,33,DET,76,1254,11.6,.547,.005,.460,6.4,14.0,10.4,5.7,0.4,1.5,12.4,19.8,,1.3,1.5,2.8,.109,,-1.9,-0.5,-2.4,-0.1
112,93,Patrick Ewing*,C,26,NYK,80,2896,22.1,.607,.005,.378,8.0,20.7,14.2,9.5,1.9,5.6,15.1,23.6,,6.2,4.7,10.9,.181,,1.5,3.2,4.7,4.9
114,95,Dave Feitl,C,26,WSB,57,828,8.7,.485,.004,.244,8.7,18.3,13.3,5.8,1.0,1.3,18.1,17.4,,-0.4,0.8,0.4,.022,,-4.3,-0.5,-4.8,-0.6
115,96,Rolando Ferreira,C,24,POR,12,34,-7.6,.209,.000,.444,12.4,29.7,20.8,3.3,0.0,1.7,21.8,31.2,,-0.3,0.0,-0.2,-0.352,,-18.8,-5.2,-24.0,-0.2
127,107,Ben Gillery,C,23,SAC,24,84,5.0,.429,.000,1.211,8.8,20.8,14.7,3.1,1.1,2.8,14.7,16.7,,-0.1,0.1,0.0,.014,,-7.0,-0.9,-7.9,-0.1
129,109,Mike Gminski,C,29,PHI,82,2739,18.5,.535,.005,.292,8.7,22.9,15.7,7.4,0.8,2.3,8.9,21.9,,4.8,2.2,7.0,.122,,0.2,-0.4,-0.2,1.2
136,116,Stuart Gray,C,25,IND,72,783,9.1,.519,.007,.418,12.6,21.6,17.3,4.9,0.7,1.6,20.9,12.2,,0.2,0.7,0.9,.054,,-3.2,-0.2,-3.4,-0.3
149,124,Pétur Guðmundsson,C,30,SAS,5,70,2.7,.392,.000,.160,7.5,18.1,12.6,9.5,0.7,0.9,23.0,19.3,,-0.2,0.1,-0.1,-0.090,,-8.1,-1.5,-9.6,-0.1
156,131,Scott Hastings,C,28,MIA,75,1206,9.4,.515,.085,.326,6.5,15.4,10.8,7.1,1.3,2.1,15.3,14.9,,0.4,1.1,1.5,.061,,-3.4,0.3,-3.2,-0.3
165,138,Dave Hoppen,C,24,CHH,77,1419,11.8,.604,.006,.394,9.1,21.5,15.0,5.5,0.8,0.9,15.7,14.2,,1.7,0.9,2.6,.086,,-1.7,-0.3,-1.9,0.0
167,140,Tito Horford,C,23,MIL,25,112,3.6,.386,.000,.413,9.2,13.6,11.4,3.7,0.4,3.9,21.6,25.7,,-0.4,0.1,-0.3,-0.136,,-10.2,-1.9,-12.0,-0.3
183,155,Steve Johnson,C,31,POR,72,1477,12.4,.536,.000,.434,9.6,17.0,13.2,9.7,0.6,1.7,17.2,21.2,,0.5,1.3,1.7,.056,,-1.9,-0.9,-2.8,-0.3
190,160,Charles Jones,C,31,WSB,53,1154,7.4,.500,.008,.200,7.0,17.8,12.2,4.4,1.6,3.9,22.3,6.1,,0.1,1.5,1.6,.068,,-3.6,4.0,0.4,0.7
204,170,Greg Kite,C,27,TOT,70,942,6.3,.444,.000,.272,9.2,18.7,13.9,4.7,1.3,3.2,25.5,9.6,,-0.8,0.9,0.1,.005,,-5.6,1.8,-3.8,-0.4
205,170,Greg Kite,C,27,LAC,58,729,6.4,.416,.000,.256,9.7,18.1,13.9,4.8,1.5,3.5,25.5,9.8,,-0.7,0.7,0.0,-0.002,,-5.8,1.8,-4.0,-0.4
206,170,Greg Kite,C,27,CHH,12,213,6.1,.552,.000,.333,7.4,20.8,13.8,4.2,0.9,2.2,25.9,8.9,,0.0,0.2,0.1,.026,,-4.7,1.4,-3.3,-0.1
207,171,Joe Kleine,C,27,TOT,75,1411,10.0,.485,.005,.352,9.7,19.9,14.7,6.4,1.1,0.9,17.3,17.6,,-0.2,1.3,1.0,.035,,-3.9,-0.6,-4.5,-0.9
208,171,Joe Kleine,C,27,SAC,47,913,8.8,.458,.003,.290,8.7,19.8,14.2,5.3,0.9,1.1,16.4,18.4,,-0.7,0.8,0.1,.007,,-5.3,-0.9,-6.1,-1.0
209,171,Joe Kleine,C,27,BOS,28,498,12.2,.544,.008,.496,11.4,20.0,15.8,8.3,1.5,0.6,19.1,16.2,,0.4,0.5,0.9,.085,,-1.3,-0.1,-1.3,0.1
211,173,Jon Koncak,C,25,ATL,74,1531,12.0,.540,.011,.424,10.3,22.1,16.1,4.8,1.7,3.8,15.8,10.1,,1.3,2.5,3.7,.117,,-1.4,3.1,1.8,1.5
213,175,Bill Laimbeer,C,31,DET,81,2640,16.6,.557,.096,.236,6.2,26.1,16.6,9.8,1.0,2.3,11.5,18.2,,4.0,5.0,9.0,.164,,0.2,2.8,3.0,3.4
216,178,Andrew Lang,C,22,PHO,62,526,11.6,.554,.000,.513,11.4,18.0,14.9,2.0,1.5,5.0,16.3,12.9,,0.4,0.9,1.4,.124,,-2.4,2.2,-0.3,0.2
218,180,Eric Leckner,C,22,UTA,75,779,9.7,.591,.000,.514,7.4,20.0,14.2,3.1,0.5,1.7,20.4,18.4,,0.1,1.4,1.5,.093,,-4.2,-0.5,-4.7,-0.5
226,187,Alton Lister,C,30,SEA,82,1806,13.7,.529,.000,.328,12.4,21.6,16.9,4.0,0.7,6.0,15.8,16.3,,1.3,2.3,3.7,.097,,-2.1,1.6,-0.6,0.7
241,198,Moses Malone*,C,33,ATL,81,2878,21.2,.581,.011,.649,14.4,21.9,18.1,5.8,1.3,2.1,14.8,23.4,,6.8,3.9,10.7,.178,,2.0,0.0,2.1,3.0
248,202,Tim McCormick,C,26,HOU,81,1257,9.3,.521,.011,.368,7.6,14.9,11.2,5.9,0.7,1.1,14.3,15.2,,0.6,1.4,2.0,.075,,-2.9,-0.4,-3.3,-0.4
256,210,Mark McNamara,C,29,LAL,39,318,11.2,.575,.000,1.219,14.3,20.4,17.5,3.9,0.6,0.5,19.6,15.9,,0.4,0.3,0.7,.106,,-2.2,-2.1,-4.2,-0.2
261,213,Paul Mokeski,C,32,MIL,74,690,8.2,.443,.159,.311,10.4,21.1,15.7,6.7,2.0,1.9,15.8,13.3,,-0.1,1.1,1.0,.072,,-3.2,1.5,-1.7,0.1
280,223,Chuck Nevitt,C,29,HOU,43,228,8.1,.471,.000,.258,8.1,22.1,15.2,1.8,1.0,7.5,24.2,16.1,,-0.4,0.5,0.1,.022,,-8.0,2.3,-5.6,-0.2
285,228,Hakeem Olajuwon*,C,26,HOU,82,3024,25.2,.552,.006,.419,12.2,27.2,19.8,8.2,3.3,5.5,13.0,28.2,,4.6,7.8,12.4,.197,,1.3,4.1,5.4,5.6
287,230,Robert Parish*,C,35,BOS,80,2840,21.6,.607,.000,.391,14.0,26.1,20.1,9.1,1.4,2.4,14.0,20.9,,6.9,3.6,10.5,.177,,3.0,1.2,4.2,4.5
290,233,Will Perdue,C,23,CHI,30,190,7.2,.422,.000,.194,11.3,15.9,13.7,8.1,1.0,1.9,16.1,21.0,,-0.3,0.2,-0.1,-0.021,,-5.9,-1.4,-7.2,-0.3
292,235,Tim Perry,C,23,PHO,62,614,14.4,.560,.020,.323,11.0,11.8,11.4,3.8,1.4,2.9,13.9,17.2,,0.6,0.8,1.4,.109,,-1.0,0.4,-0.6,0.2
294,237,Jim Petersen,C,26,SAC,66,1633,11.4,.498,.013,.254,7.8,19.5,13.6,7.3,1.4,2.4,17.9,20.6,,-1.1,1.8,0.6,.019,,-4.0,0.6,-3.4,-0.6
301,241,Olden Polynice,C,24,SEA,80,835,10.3,.535,.011,.478,12.7,14.9,13.8,3.2,2.1,2.2,17.4,12.6,,0.6,0.9,1.5,.086,,-1.7,0.4,-1.2,0.2
313,249,Blair Rasmussen,C,26,DEN,77,1308,11.6,.476,.000,.140,7.8,15.2,11.3,4.9,1.0,1.8,7.4,19.4,,0.4,1.3,1.8,.065,,-3.2,-1.5,-4.7,-0.9
317,253,Ramón Rivas,C,22,BOS,28,91,9.3,.476,.032,.806,11.5,18.7,15.1,4.3,2.2,0.6,17.6,23.3,,-0.1,0.1,0.0,.019,,-4.6,-2.5,-7.1,-0.1
324,260,Tree Rollins,C,33,CLE,60,583,8.8,.465,.007,.138,7.8,18.6,13.4,4.2,0.9,3.8,13.1,12.3,,-0.1,1.0,1.0,.080,,-4.7,1.8,-3.0,-0.1
332,263,Jim Rowinski,C,28,PHI,3,7,18.8,.521,.000,1.000,15.9,32.2,24.0,0.0,0.0,0.0,0.0,17.1,,0.0,0.0,0.0,.157,,-3.3,-8.8,-12.1,0.0
335,266,Ralph Sampson*,C,28,GSW,61,1086,11.4,.483,.022,.260,9.7,18.5,14.1,9.0,1.3,3.3,18.1,17.3,,-0.3,1.4,1.1,.048,,-3.4,1.1,-2.4,-0.1
337,268,Danny Schayes,C,29,DEN,76,1918,15.4,.618,.015,.662,7.2,20.3,13.4,6.9,1.0,2.4,17.0,18.8,,3.2,2.4,5.6,.141,,-0.9,0.2,-0.6,0.7
343,272,Rony Seikaly,C,23,MIA,78,1962,10.8,.471,.005,.476,11.2,20.5,15.7,4.4,1.1,3.0,18.2,22.8,,-2.7,2.2,-0.5,-0.012,,-5.2,-0.6,-5.7,-1.8
345,274,Charles Shackleford,C,22,NJN,60,484,13.9,.501,.006,.250,11.1,24.4,17.6,6.5,1.5,2.2,12.6,18.1,,0.2,0.6,0.8,.076,,-3.0,0.1,-3.0,-0.1
346,275,John Shasky,C,24,MIA,65,944,12.7,.555,.008,.673,11.0,16.8,13.8,3.4,0.7,0.8,12.5,15.8,,1.2,0.7,1.9,.097,,-2.4,-2.1,-4.5,-0.6
350,279,Jack Sikma*,C,33,MIL,80,2587,15.8,.554,.259,.352,6.2,21.9,13.9,15.5,1.6,1.5,13.1,17.8,,4.5,3.7,8.1,.151,,1.7,2.0,3.6,3.7
361,287,Rik Smits,C,22,IND,82,2041,15.6,.557,.001,.342,10.7,16.2,13.6,5.2,0.9,4.3,13.2,20.3,,2.4,1.9,4.3,.101,,-0.8,0.4,-0.4,0.8
382,305,LaSalle Thompson,C,27,TOT,76,2329,15.6,.544,.001,.331,10.7,22.7,16.8,5.2,1.6,2.3,15.5,20.4,,1.5,2.9,4.4,.090,,-1.7,0.5,-1.2,0.4
383,305,LaSalle Thompson,C,27,SAC,43,1276,15.6,.522,.002,.351,9.9,23.3,16.5,5.3,1.7,2.5,15.9,23.6,,0.1,1.7,1.7,.065,,-3.0,0.1,-2.8,-0.3
384,305,LaSalle Thompson,C,27,IND,33,1053,15.5,.582,.000,.296,11.6,22.1,17.2,5.1,1.5,2.1,14.9,16.6,,1.4,1.2,2.6,.120,,-0.2,0.8,0.7,0.7
385,306,Mychal Thompson,C,34,LAL,80,1994,13.3,.593,.002,.441,9.4,16.2,13.1,3.2,1.4,1.7,13.5,14.9,,2.8,2.4,5.2,.126,,-0.5,0.1,-0.3,0.8
416,328,Chris Welp,C,25,PHI,72,843,8.7,.484,.005,.329,7.8,17.9,12.8,4.5,1.3,2.8,14.2,14.6,,0.0,0.7,0.7,.042,,-3.5,0.2,-3.3,-0.3
417,329,Bill Wennington,C,25,DAL,65,1074,8.8,.482,.033,.298,8.5,20.7,14.7,6.0,0.7,1.9,14.8,14.7,,0.0,1.2,1.3,.056,,-3.8,0.1,-3.7,-0.5
418,330,Mark West,C,28,PHO,82,2019,12.9,.644,.000,.543,9.2,19.4,14.5,2.3,0.8,5.1,18.3,11.1,,2.2,3.3,5.5,.131,,-1.0,3.0,2.1,2.1
426,334,Jerome Whitehead,C,32,TOT,57,622,6.9,.432,.000,.258,8.3,15.6,11.8,4.0,1.7,0.4,10.6,14.2,,-0.2,0.6,0.4,.032,,-4.9,-1.3,-6.2,-0.7
427,334,Jerome Whitehead,C,32,GSW,5,42,2.5,.509,.000,.333,0.0,11.9,6.0,5.5,1.1,0.0,22.5,8.0,,0.0,0.0,0.0,.007,,-6.0,-0.8,-6.8,-0.1
428,334,Jerome Whitehead,C,32,SAS,52,580,7.2,.429,.000,.256,8.9,15.9,12.2,3.9,1.7,0.4,10.1,14.6,,-0.1,0.5,0.4,.034,,-4.8,-1.4,-6.2,-0.6
431,337,Eddie Lee Wilkins,C,26,NYK,71,584,10.2,.492,.004,.453,13.4,14.8,14.1,1.6,0.8,1.6,16.0,23.2,,-0.2,0.5,0.3,.023,,-4.8,-3.9,-8.7,-1.0
434,340,Herb Williams,C,30,TOT,76,2470,10.6,.471,.007,.263,6.3,19.7,13.3,7.1,0.9,3.2,15.3,16.6,,-1.2,2.6,1.4,.027,,-3.7,1.7,-2.0,0.0
435,340,Herb Williams,C,30,IND,46,1567,11.8,.484,.006,.232,6.5,20.7,14.0,8.1,1.0,3.0,15.3,18.8,,-0.6,1.6,0.9,.029,,-3.2,1.4,-1.8,0.1
436,340,Herb Williams,C,30,DAL,30,903,8.6,.438,.010,.345,5.9,18.0,12.0,5.4,0.8,3.5,15.3,12.8,,-0.6,1.0,0.5,.025,,-4.5,2.1,-2.4,-0.1
449,348,Joe Wolf,C,24,LAC,66,1450,7.0,.449,.035,.159,6.1,13.8,10.0,10.1,1.0,0.6,17.9,14.3,,-1.1,0.7,-0.5,-0.016,,-4.4,-0.5,-4.9,-1.1
