,Rk,Player,Pos,Age,Tm,G,MP,PER,TS%,3PAr,FTr,ORB%,DRB%,TRB%,AST%,STL%,BLK%,TOV%,USG%,Unnamed: 19,OWS,DWS,WS,WS/48,Unnamed: 24,OBPM,DBPM,BPM,VORP
0,1,Mark Acres,C,27,ORL,80,1691,8.3,.536,.014,.421,9.3,17.8,13.4,5.0,1.0,0.8,17.2,9.4,,1.1,0.6,1.6,.047,,-2.2,0.2,-2.0,0.0
22,22,William Bedford,C,26,DET,42,246,9.5,.438,.048,.176,7.0,19.8,13.4,2.6,0.6,4.4,13.5,27.2,,-0.5,0.5,-0.1,-0.016,,-8.0,-1.2,-9.2,-0.4
23,23,Benoit Benjamin,C,25,LAC,71,2313,16.7,.578,.001,.467,7.8,24.4,16.2,10.1,1.2,4.8,18.4,18.4,,1.7,3.7,5.4,.113,,-1.3,3.2,1.9,2.3
26,26,Uwe Blab,C,27,TOT,47,531,3.3,.429,.000,.378,6.1,15.2,10.9,5.8,0.1,2.3,23.4,11.3,,-0.6,0.2,-0.4,-0.039,,-5.9,-0.5,-6.4,-0.6
27,26,Uwe Blab,C,27,GSW,40,481,3.3,.412,.000,.356,6.5,15.0,11.0,6.1,0.1,2.5,23.0,10.8,,-0.6,0.1,-0.4,-0.041,,-5.7,-0.3,-6.0,-0.5
28,26,Uwe Blab,C,27,SAS,7,50,3.1,.550,.000,.545,2.3,17.5,10.1,2.7,0.0,0.0,26.8,15.5,,-0.1,0.1,0.0,-0.022,,-7.5,-2.5,-10.0,-0.1
32,30,Manute Bol,C,27,GSW,75,1310,7.2,.383,.284,.290,2.8,18.8,11.2,3.3,0.4,10.0,21.1,7.4,,-1.4,1.4,0.0,.001,,-6.1,5.0,-1.1,0.3
34,32,Sam Bowie,C,28,NJN,68,2207,16.2,.499,.037,.454,9.3,24.9,16.6,6.4,0.8,3.3,11.1,20.5,,1.9,2.8,4.7,.103,,-2.0,0.7,-1.2,0.4
36,34,Randy Breuer,C,29,TOT,81,1879,13.0,.462,.001,.277,9.3,17.4,13.1,8.3,1.2,3.7,10.9,20.3,,-0.2,2.2,2.0,.051,,-3.1,0.6,-2.5,-0.2
37,34,Randy Breuer,C,29,MIL,30,554,11.6,.489,.000,.274,8.8,17.7,13.1,3.4,0.8,3.7,11.8,17.9,,0.0,0.6,0.6,.053,,-4.4,-0.3,-4.7,-0.4
38,34,Randy Breuer,C,29,MIN,51,1325,13.6,.452,.002,.278,9.5,17.3,13.1,10.4,1.3,3.7,10.6,21.3,,-0.2,1.6,1.4,.050,,-2.6,1.0,-1.6,0.1
39,35,Frank Brickowski,C,30,SAS,78,1438,13.3,.576,.005,.364,7.2,18.1,12.8,10.3,2.2,1.6,17.2,15.6,,1.3,2.5,3.8,.126,,-1.1,1.9,0.8,1.0
42,38,Mike Brown,C,26,UTA,82,1397,12.8,.593,.006,.578,10.0,20.7,15.7,4.7,1.1,1.2,16.9,16.2,,1.7,2.0,3.7,.128,,-1.4,0.5,-0.9,0.4
48,43,Torgeir Bryn,C,25,LAC,3,10,9.1,.431,.000,3.000,0.0,22.6,11.4,0.0,9.7,6.0,17.7,23.6,,0.0,0.0,0.0,.065,,-9.7,5.2,-4.5,0.0
50,45,Greg Butler,C,23,NYK,13,33,-4.9,.233,.000,.167,10.4,19.6,15.1,3.9,0.0,0.0,18.9,20.0,,-0.2,0.0,-0.1,-0.206,,-12.4,-3.6,-16.1,-0.1
51,46,Michael Cage,C,28,SEA,82,2595,14.5,.540,.000,.329,13.3,24.2,18.6,3.6,1.5,1.1,11.3,13.4,,3.9,2.8,6.8,.125,,0.3,0.7,1.0,2.0
58,51,Joe Barry Carroll,C,31,TOT,76,1721,12.6,.455,.003,.233,7.7,20.3,13.6,8.2,1.3,3.9,14.5,22.6,,-1.7,2.4,0.7,.019,,-4.6,1.2,-3.4,-0.6
59,51,Joe Barry Carroll,C,31,NJN,46,1002,11.8,.446,.005,.264,8.2,19.1,13.3,6.7,0.9,3.3,12.4,20.7,,-0.5,1.1,0.6,.028,,-4.4,0.2,-4.2,-0.6
60,51,Joe Barry Carroll,C,31,DEN,30,719,13.8,.465,.000,.198,7.0,22.0,14.0,10.4,1.8,4.8,16.9,25.2,,-1.2,1.3,0.1,.006,,-4.8,2.6,-2.3,0.0
61,52,Bill Cartwright,C,32,CHI,71,2160,12.8,.562,.000,.468,7.5,18.0,12.7,8.9,0.9,1.0,14.6,16.7,,2.8,1.7,4.5,.100,,-1.2,-0.5,-1.7,0.2
76,62,Wayne Cooper,C,33,POR,79,1176,10.6,.469,.010,.128,10.7,20.7,15.7,4.8,0.7,4.9,10.8,12.0,,0.6,2.1,2.7,.112,,-3.1,3.1,0.0,0.6
79,65,Dave Corzine,C,33,ORL,6,79,3.2,.368,.000,.069,9.1,15.2,12.0,3.5,1.2,0.0,21.1,18.7,,-0.2,0.0,-0.2,-0.139,,-8.1,-2.6,-10.7,-0.2
80,66,Pat Cummings,C,33,MIA,37,391,10.5,.499,.000,.233,7.6,19.1,13.1,5.0,1.5,0.6,15.4,21.4,,-0.3,0.4,0.1,.017,,-4.9,-1.7,-6.6,-0.5
85,71,Brad Daugherty,C,24,CLE,41,1438,16.0,.543,.004,.564,5.9,23.3,14.5,14.2,1.0,0.9,14.8,22.4,,1.2,1.9,3.1,.104,,-1.3,0.8,-0.5,0.6
93,79,Vlade Divac*,C,21,LAL,82,1611,17.5,.544,.009,.393,12.3,23.7,18.2,6.7,2.4,4.2,14.6,20.0,,1.7,3.2,5.0,.148,,-1.0,2.5,1.5,1.4
94,80,James Donaldson,C,32,DAL,73,2265,12.2,.581,.000,.445,7.9,23.4,15.8,3.6,0.5,1.3,17.2,13.4,,1.7,2.8,4.5,.094,,-2.4,0.6,-1.7,0.1
98,83,Greg Dreiling,C,27,IND,49,307,6.0,.478,.000,.642,8.4,24.0,16.6,3.3,0.6,2.7,21.8,12.3,,-0.1,0.3,0.2,.028,,-6.0,-0.4,-6.3,-0.3
101,86,Kevin Duckworth,C,25,POR,82,2462,13.3,.517,.000,.272,8.0,14.6,11.2,5.5,0.7,0.8,11.8,23.2,,1.8,2.9,4.8,.093,,-1.6,-0.8,-2.4,-0.2
109,92,Mark Eaton,C,33,UTA,82,2281,10.6,.561,.000,.393,9.4,20.8,15.4,2.2,0.7,5.5,17.6,8.2,,1.4,3.9,5.3,.112,,-2.3,4.2,1.9,2.3
111,94,James Edwards,C,34,DET,82,2283,13.3,.549,.003,.381,5.6,11.6,8.6,4.3,0.5,1.0,10.9,22.9,,2.7,2.9,5.6,.117,,-1.4,-1.0,-2.4,-0.2
117,100,Pervis Ellison,C,22,SAC,34,866,10.3,.475,.008,.311,8.4,17.2,12.8,10.6,0.9,3.9,17.9,17.3,,-0.5,0.9,0.4,.021,,-3.9,1.8,-2.1,0.0
120,102,Patrick Ewing*,C,27,NYK,82,3165,25.8,.599,.002,.387,8.5,22.4,15.7,10.0,1.2,5.9,12.4,29.4,,8.3,5.3,13.5,.205,,2.6,1.9,4.6,5.2
137,115,Mike Gminski,C,30,PHI,81,2659,15.7,.503,.017,.235,8.4,20.8,14.6,6.9,0.8,2.3,8.1,19.2,,3.1,2.9,6.0,.108,,-0.9,0.3,-0.6,0.9
142,120,Stuart Gray,C,26,TOT,58,560,8.5,.485,.051,.475,7.7,22.4,14.7,4.5,1.3,2.8,16.7,10.9,,0.0,0.7,0.6,.054,,-5.1,1.8,-3.3,-0.2
143,120,Stuart Gray,C,26,CHH,39,466,10.2,.509,.024,.476,8.7,24.1,16.0,4.9,1.3,3.1,16.1,10.8,,0.1,0.6,0.7,.070,,-4.6,2.2,-2.4,0.0
144,120,Stuart Gray,C,26,NYK,19,94,-0.2,.365,.176,.471,2.4,13.8,8.3,2.6,1.6,1.2,19.6,11.3,,-0.1,0.1,-0.1,-0.026,,-7.6,-0.1,-7.6,-0.1
149,124,Sidney Green,C,29,ORL,73,1860,12.7,.501,.004,.313,9.1,24.7,16.7,7.5,1.2,0.8,13.6,18.5,,0.5,1.2,1.7,.044,,-2.3,-0.5,-2.8,-0.4
178,144,Dave Hoppen,C,25,CHH,10,135,7.7,.441,.000,.244,15.1,15.2,15.1,6.3,0.7,0.5,15.0,16.9,,-0.1,0.1,0.0,.008,,-3.8,-1.1,-4.9,-0.1
180,146,Tito Horford,C,24,MIL,35,236,5.1,.351,.000,.387,9.1,19.7,14.3,1.1,1.0,4.3,16.2,15.4,,-0.5,0.3,-0.2,-0.037,,-9.2,-0.5,-9.6,-0.5
198,163,Steve Johnson,C,32,TOT,25,259,9.6,.545,.000,.380,8.3,16.1,12.0,9.7,0.6,1.2,22.4,22.4,,-0.1,0.2,0.0,.006,,-3.2,-1.5,-4.7,-0.2
199,163,Steve Johnson,C,32,MIN,4,17,-21.8,.000,.000,.000,0.0,22.6,10.6,7.6,0.0,0.0,75.0,20.7,,-0.2,0.0,-0.2,-0.587,,-25.3,0.2,-25.1,-0.1
200,163,Steve Johnson,C,32,SEA,21,242,11.8,.555,.000,.389,8.9,15.6,12.1,9.8,0.6,1.3,19.2,22.5,,0.1,0.2,0.2,.047,,-1.7,-1.6,-3.3,-0.1
207,168,Charles Jones,C,32,WSB,81,2240,9.2,.554,.000,.568,6.9,17.4,12.1,7.2,1.1,5.0,24.7,5.6,,1.0,2.8,3.8,.082,,-2.8,4.5,1.7,2.1
219,178,Greg Kite,C,28,SAC,71,1515,7.0,.446,.004,.231,9.8,18.3,14.1,6.5,1.0,2.0,22.8,9.5,,-0.6,1.5,0.8,.026,,-4.4,1.8,-2.6,-0.2
220,179,Joe Kleine,C,28,BOS,81,1365,10.5,.529,.011,.272,10.0,18.3,14.4,4.3,0.5,1.1,13.5,14.7,,1.0,1.3,2.3,.082,,-2.3,-0.7,-3.0,-0.3
221,180,Jon Koncak,C,26,ATL,54,977,8.7,.612,.008,.622,6.7,20.3,13.3,3.0,1.9,2.1,22.5,9.0,,0.4,1.0,1.4,.068,,-2.0,1.4,-0.6,0.3
225,183,Bill Laimbeer,C,32,DET,81,2675,15.8,.564,.201,.245,7.1,26.0,16.6,9.1,1.1,2.0,10.1,15.6,,4.7,5.4,10.1,.182,,0.6,3.2,3.8,3.9
227,185,Andrew Lang,C,23,PHO,74,1011,13.2,.594,.000,.563,9.6,19.2,14.7,2.6,1.0,7.4,15.9,10.6,,1.1,1.9,3.0,.144,,-2.2,4.0,1.9,1.0
229,187,Eric Leckner,C,23,UTA,77,764,12.1,.613,.000,.491,7.9,20.8,14.7,3.7,1.0,1.9,18.9,19.0,,0.6,1.1,1.7,.107,,-2.8,-0.3,-3.1,-0.2
231,189,Gary Leonard,C,22,MIN,22,127,6.2,.431,.032,.452,8.9,17.1,12.8,1.2,1.2,4.7,17.7,15.7,,-0.2,0.2,0.0,-0.010,,-7.6,-0.3,-7.9,-0.2
243,197,Alton Lister,C,31,GSW,3,40,10.9,.542,.125,.875,14.0,7.6,10.7,6.4,1.1,0.0,0.0,11.0,,0.1,0.0,0.1,.125,,1.6,-2.5,-0.9,0.0
259,208,Moses Malone*,C,34,ATL,81,2735,20.2,.564,.008,.586,15.0,19.4,17.1,7.0,0.9,1.9,14.6,24.3,,6.0,1.7,7.7,.134,,2.1,-1.1,1.0,2.1
272,219,Tim McCormick,C,27,HOU,18,116,2.6,.401,.000,.655,7.4,17.0,12.3,3.3,1.2,0.5,21.1,16.6,,-0.3,0.2,-0.1,-0.032,,-8.3,-0.8,-9.1,-0.2
281,227,Mark McNamara,C,30,LAL,33,190,11.3,.492,.000,.465,13.8,23.9,19.0,2.4,0.5,0.3,16.9,28.0,,-0.2,0.2,0.1,.015,,-6.2,-5.4,-11.6,-0.5
285,231,Paul Mokeski,C,33,CLE,38,449,7.7,.455,.007,.240,6.7,18.1,12.4,5.7,0.9,1.3,13.6,18.5,,-0.4,0.5,0.2,.018,,-5.9,-0.9,-6.9,-0.6
291,237,Tod Murphy,C,26,MIN,82,2493,13.0,.530,.078,.368,9.4,18.3,13.6,6.4,1.6,1.6,8.7,12.4,,3.3,2.8,6.1,.117,,-0.8,1.4,0.6,1.6
299,242,Chuck Nevitt,C,30,HOU,3,9,12.1,1.000,.000,.000,0.0,34.6,17.6,16.9,0.0,6.5,50.0,18.0,,0.0,0.0,0.0,.037,,-6.2,3.9,-2.3,0.0
301,244,Kurt Nimphius,C,31,PHI,38,314,7.9,.432,.011,.330,8.0,14.0,11.0,2.6,0.6,3.5,10.3,15.7,,-0.2,0.3,0.1,.020,,-4.9,-0.9,-5.8,-0.3
305,248,Hakeem Olajuwon*,C,27,HOU,82,3124,24.1,.541,.004,.333,10.3,28.3,19.5,12.1,2.6,7.0,14.6,28.1,,2.5,8.7,11.2,.173,,0.1,5.8,5.9,6.3
306,249,Jawann Oldham,C,32,TOT,6,45,8.0,.496,.000,1.167,9.1,29.1,18.9,3.5,2.0,3.7,30.6,11.8,,-0.1,0.1,0.0,.006,,-8.0,-0.6,-8.6,-0.1
307,249,Jawann Oldham,C,32,ORL,3,36,7.6,.385,.000,1.667,11.4,33.3,22.0,0.0,2.6,4.6,36.6,8.9,,-0.1,0.1,0.0,-0.009,,-9.4,0.2,-9.2,-0.1
308,249,Jawann Oldham,C,32,LAL,3,9,9.7,.644,.000,.667,0.0,12.3,6.4,17.3,0.0,0.0,20.5,23.2,,0.0,0.0,0.0,.066,,-2.3,-3.8,-6.1,0.0
310,251,Robert Parish*,C,36,BOS,79,2396,19.2,.616,.000,.358,12.6,23.5,18.3,6.2,0.8,1.7,14.4,20.7,,4.8,3.0,7.8,.157,,1.4,-0.1,1.4,2.1
315,256,Will Perdue,C,24,CHI,77,884,9.1,.469,.019,.388,11.7,16.9,14.3,6.8,1.1,1.9,17.2,18.3,,-0.3,0.8,0.5,.028,,-4.3,-1.3,-5.6,-0.8
317,258,Tim Perry,C,24,PHO,60,612,13.5,.541,.005,.462,15.1,12.3,13.6,3.8,1.6,2.0,16.7,19.0,,0.4,0.8,1.2,.094,,-1.2,-0.4,-1.6,0.1
319,260,Jim Petersen,C,27,GSW,43,592,9.0,.497,.007,.518,9.3,19.0,14.4,5.0,1.3,1.9,17.2,14.1,,0.0,0.4,0.4,.035,,-3.6,-0.5,-4.1,-0.3
325,265,Olden Polynice,C,25,SEA,79,1085,12.4,.541,.007,.343,13.3,19.3,16.2,1.9,1.2,1.2,9.5,14.1,,1.6,0.9,2.5,.111,,-0.8,-1.5,-2.2,-0.1
334,272,Blair Rasmussen,C,27,DEN,81,1995,16.0,.525,.001,.150,8.6,23.5,15.6,5.7,0.9,3.0,7.3,20.2,,2.3,2.9,5.2,.125,,-1.5,0.4,-1.1,0.4
335,273,J.R. Reid,C,21,CHH,82,2757,10.2,.482,.006,.355,7.7,21.5,14.2,5.3,1.6,1.2,15.5,17.2,,-1.7,2.8,1.1,.020,,-3.8,1.4,-2.5,-0.3
349,284,David Robinson*,C,24,SAS,82,3002,26.3,.597,.002,.644,11.7,24.8,18.5,8.7,2.2,6.5,13.3,26.6,,7.9,7.2,15.1,.241,,2.7,3.8,6.5,6.4
351,286,Tree Rollins,C,34,CLE,48,674,8.8,.473,.008,.128,9.6,15.9,12.7,4.9,1.0,4.7,21.0,10.7,,-0.2,0.9,0.7,.050,,-5.0,2.8,-2.2,0.0
352,287,Doug Roth,C,22,WSB,42,412,8.2,.439,.012,.163,11.4,20.1,15.7,5.9,0.9,1.8,14.8,10.7,,0.0,0.4,0.4,.052,,-4.0,0.4,-3.7,-0.2
359,294,Ralph Sampson*,C,29,SAC,26,417,5.5,.392,.031,.178,3.0,19.7,11.4,9.3,1.7,3.1,19.6,17.9,,-1.1,0.5,-0.6,-0.068,,-8.0,1.6,-6.5,-0.5
362,297,Danny Schayes,C,30,DEN,53,1194,16.5,.617,.012,.800,9.7,21.0,15.0,6.4,1.6,2.2,13.9,17.0,,2.8,1.7,4.5,.183,,0.0,1.3,1.3,1.0
365,300,Rony Seikaly,C,24,MIA,74,2409,15.9,.530,.001,.445,11.2,24.4,17.6,4.9,1.5,3.1,16.9,23.3,,-0.2,3.4,3.2,.063,,-2.6,0.8,-1.8,0.1
370,302,Charles Shackleford,C,23,NJN,70,1557,12.3,.489,.002,.215,11.5,21.8,16.3,5.6,1.2,1.3,16.5,18.1,,-0.3,1.7,1.5,.046,,-3.4,-0.1,-3.5,-0.6
371,303,John Shasky,C,25,GSW,14,51,2.5,.300,.000,.429,8.8,17.9,13.6,2.4,0.9,2.2,10.7,14.6,,-0.1,0.0,-0.1,-0.084,,-8.2,-2.1,-10.2,-0.1
377,307,Jack Sikma*,C,34,MIL,71,2250,14.7,.524,.241,.314,5.5,19.8,12.5,14.6,1.7,1.3,12.9,20.1,,2.3,2.7,5.0,.107,,0.1,0.9,1.0,1.7
388,316,Rik Smits,C,23,IND,82,2404,18.1,.579,.001,.307,6.9,17.5,12.5,9.3,0.9,4.2,11.5,22.4,,4.2,2.3,6.6,.132,,0.2,0.6,0.8,1.7
389,317,Mike Smrek,C,27,GSW,13,107,7.1,.394,.000,.250,11.5,21.8,16.9,1.2,1.7,5.7,25.3,13.3,,-0.2,0.1,-0.1,-0.039,,-7.5,0.9,-6.6,-0.1
405,330,LaSalle Thompson,C,28,IND,82,2126,10.3,.523,.011,.285,10.1,23.9,17.3,6.7,1.5,2.0,22.1,13.9,,0.0,2.5,2.4,.055,,-2.8,1.6,-1.2,0.4
406,331,Mychal Thompson,C,35,LAL,70,1883,13.4,.542,.000,.363,10.9,17.9,14.5,3.2,0.9,2.3,10.8,16.6,,2.4,2.3,4.7,.119,,-1.1,-0.1,-1.3,0.4
423,343,Melvin Turpin,C,29,WSB,59,818,12.8,.574,.010,.340,11.5,17.7,14.6,4.3,0.9,3.3,15.8,14.3,,0.9,0.9,1.8,.105,,-2.0,0.2,-1.8,0.0
434,349,Alexander Volkov,C,25,ATL,72,937,11.9,.530,.120,.423,6.2,8.5,7.3,12.3,1.9,1.4,13.4,17.4,,1.0,0.4,1.4,.074,,0.2,-0.8,-0.7,0.3
439,354,Chris Welp,C,26,TOT,27,198,6.3,.451,.000,.410,10.3,15.6,13.1,6.1,1.4,2.2,17.2,17.8,,-0.2,0.2,0.0,.006,,-4.8,-1.0,-5.8,-0.2
440,354,Chris Welp,C,26,SAS,13,56,-1.9,.314,.000,.087,14.5,9.8,12.1,12.2,0.9,0.0,20.1,22.1,,-0.2,0.1,-0.1,-0.121,,-7.3,-2.0,-9.2,-0.1
441,354,Chris Welp,C,26,GSW,14,142,9.6,.520,.000,.605,8.7,17.9,13.5,3.6,1.6,3.1,15.8,16.0,,0.0,0.1,0.2,.056,,-3.8,-0.6,-4.5,-0.1
442,355,Bill Wennington,C,26,DAL,60,814,10.6,.506,.017,.321,9.1,18.4,13.8,7.3,1.2,1.6,15.8,17.1,,0.2,1.1,1.2,.073,,-3.1,0.4,-2.7,-0.1
444,357,Mark West,C,29,PHO,82,2399,15.7,.656,.000,.543,10.4,22.2,16.6,2.5,0.7,4.3,16.1,13.5,,4.2,4.0,8.2,.163,,-0.1,2.0,2.0,2.4
450,362,Eddie Lee Wilkins,C,27,NYK,79,972,9.9,.495,.006,.474,13.4,16.8,15.1,2.3,0.9,1.1,16.3,19.2,,-0.1,0.9,0.8,.040,,-4.2,-2.7,-6.8,-1.2
453,365,Herb Williams,C,31,DAL,81,2199,10.4,.476,.014,.239,4.0,16.0,10.1,7.9,1.2,3.0,12.6,16.8,,-0.6,2.8,2.2,.048,,-3.5,1.9,-1.6,0.2
469,374,Joe Wolf,C,25,LAC,77,1325,6.8,.437,.064,.181,5.5,14.4,10.0,6.5,1.1,1.1,15.4,15.8,,-1.4,1.2,-0.2,-0.006,,-5.1,-0.4,-5.5,-1.2
