,Rk,Player,Pos,Age,Tm,G,MP,PER,TS%,3PAr,FTr,ORB%,DRB%,TRB%,AST%,STL%,BLK%,TOV%,USG%,Unnamed: 19,OWS,DWS,WS,WS/48,Unnamed: 24,OBPM,DBPM,BPM,VORP
2,3,Mark Acres,C,28,ORL,68,1313,9.2,.551,.014,.472,11.3,18.7,14.9,2.5,0.9,1.1,14.0,9.3,,1.4,1.1,2.5,.090,,-2.1,0.3,-1.8,0.1
30,25,William Bedford,C,27,DET,60,562,15.5,.492,.054,.322,11.1,15.5,13.3,9.2,0.2,4.1,10.4,24.1,,0.5,0.8,1.3,.113,,-1.6,0.2,-1.4,0.1
31,26,Benoit Benjamin,C,26,TOT,70,2236,15.1,.541,.000,.379,7.8,28.7,18.1,7.7,1.2,4.0,20.6,21.0,,-0.7,3.7,3.0,.064,,-3.5,2.3,-1.1,0.5
32,26,Benoit Benjamin,C,26,LAC,39,1337,15.2,.539,.000,.363,7.5,30.7,18.9,8.1,0.9,4.1,20.4,20.6,,-0.5,2.4,1.9,.068,,-3.8,2.7,-1.1,0.3
33,26,Benoit Benjamin,C,26,SEA,31,899,15.1,.544,.000,.403,8.1,25.9,16.9,7.1,1.6,3.9,20.8,21.8,,-0.2,1.3,1.1,.059,,-2.9,1.7,-1.2,0.2
40,33,Manute Bol,C,28,PHI,82,1522,8.4,.426,.085,.250,5.0,20.5,12.9,1.7,0.5,9.6,25.7,7.0,,-1.3,2.6,1.3,.042,,-6.6,5.4,-1.2,0.3
42,35,Sam Bowie,C,29,NJN,62,1916,14.1,.486,.030,.320,9.3,17.3,13.1,11.4,1.1,2.8,14.6,20.3,,0.4,2.2,2.6,.066,,-1.8,1.2,-0.6,0.7
43,36,Randy Breuer,C,30,MIN,73,1505,11.4,.457,.000,.182,8.3,19.1,13.3,7.0,1.2,3.4,12.8,15.4,,-0.3,1.3,1.0,.031,,-3.9,0.7,-3.1,-0.4
49,41,Mike Brown,C,27,UTA,82,1391,9.6,.538,.000,.627,9.9,18.1,14.3,4.9,1.1,1.1,18.5,14.2,,0.5,1.9,2.4,.083,,-3.0,0.9,-2.1,0.0
57,47,Greg Butler,C,24,LAC,9,37,3.2,.323,.000,.316,22.9,23.7,23.3,3.7,0.0,0.0,15.6,28.1,,-0.1,0.0,-0.1,-0.131,,-9.2,-5.6,-14.9,-0.1
58,48,Michael Cage,C,29,SEA,82,2141,12.0,.528,.007,.252,9.8,21.6,15.6,5.4,2.0,1.8,14.4,11.3,,1.7,2.7,4.3,.097,,-1.0,2.0,1.0,1.6
64,54,Joe Barry Carroll,C,32,PHO,11,96,8.6,.448,.000,.333,3.6,22.8,13.7,14.9,0.5,4.8,22.5,22.6,,-0.2,0.2,0.0,-0.014,,-7.1,1.9,-5.2,-0.1
65,55,Bill Cartwright,C,33,CHI,79,2273,11.5,.522,.000,.274,8.8,16.3,12.6,7.1,0.7,0.4,13.4,15.8,,1.9,2.3,4.2,.089,,-1.2,-0.3,-1.6,0.2
67,57,Duane Causwell,C,22,SAC,76,1719,13.0,.541,.000,.400,9.1,16.9,12.9,6.1,1.4,5.5,16.5,14.8,,0.6,2.2,2.8,.079,,-3.0,2.8,-0.2,0.8
82,69,Wayne Cooper,C,34,POR,67,746,8.3,.450,.007,.290,8.1,19.6,13.9,3.6,0.4,5.0,11.9,10.1,,0.2,1.2,1.4,.092,,-4.5,2.6,-1.9,0.0
84,71,Dave Corzine,C,34,SEA,28,147,12.5,.493,.000,.579,8.0,19.0,13.4,3.6,1.7,2.2,4.0,14.2,,0.2,0.2,0.4,.117,,-2.4,-0.6,-3.0,0.0
91,78,Brad Daugherty,C,25,CLE,76,2946,19.9,.583,.003,.501,7.0,25.7,16.3,13.9,1.3,0.9,13.0,24.0,,5.5,3.6,9.0,.147,,1.5,0.7,2.2,3.1
103,85,Vlade Divac*,C,22,LAL,82,2310,17.7,.606,.022,.438,10.8,22.2,16.7,5.8,2.3,3.3,16.1,17.1,,3.6,4.8,8.3,.173,,0.3,3.4,3.7,3.3
104,86,James Donaldson,C,33,DAL,82,2800,12.3,.572,.000,.372,8.2,21.4,14.8,3.5,0.6,2.1,16.9,13.6,,1.8,2.5,4.3,.074,,-2.4,0.6,-1.8,0.1
106,88,Greg Dreiling,C,28,IND,73,1031,8.7,.539,.010,.541,7.6,20.3,14.2,6.4,1.1,1.7,19.2,12.1,,0.3,0.8,1.1,.050,,-3.0,0.0,-3.0,-0.3
109,91,Kevin Duckworth,C,26,POR,81,2511,12.7,.525,.002,.287,7.9,15.4,11.7,5.1,0.6,0.8,13.2,22.8,,1.3,3.0,4.3,.082,,-2.1,-1.0,-3.2,-0.7
110,92,Chris Dudley,C,25,NJN,61,1560,12.6,.439,.000,.422,14.8,19.7,17.2,3.3,1.2,5.8,13.9,14.8,,-0.2,2.4,2.2,.068,,-3.7,2.4,-1.3,0.3
114,96,Mark Eaton,C,34,UTA,80,2580,9.5,.599,.000,.384,8.9,20.8,15.2,2.6,0.8,4.5,22.5,7.6,,1.2,4.3,5.5,.103,,-2.4,4.2,1.8,2.5
116,98,James Edwards,C,35,DET,72,1903,12.7,.533,.003,.372,5.4,11.2,8.3,5.6,0.3,1.0,12.0,24.2,,1.5,2.0,3.5,.088,,-1.8,-1.4,-3.1,-0.6
127,104,Pervis Ellison,C,23,WSB,76,1942,15.9,.542,.009,.336,12.6,20.4,16.5,7.7,1.2,4.8,16.7,18.8,,1.1,2.9,4.0,.100,,-1.4,2.1,0.7,1.3
130,107,Patrick Ewing*,C,28,NYK,81,3104,23.7,.561,.004,.379,7.4,25.7,16.8,14.1,1.3,5.0,13.2,31.1,,4.4,5.6,10.0,.155,,1.3,2.6,3.9,4.6
134,109,Dave Feitl,C,28,HOU,52,372,8.2,.430,.021,.314,8.4,20.2,14.3,3.0,0.4,1.9,13.6,20.4,,-0.4,0.5,0.2,.022,,-7.3,-1.7,-9.0,-0.7
154,126,Mike Gminski,C,31,TOT,80,2196,14.0,.481,.017,.196,9.6,20.8,15.1,6.4,0.9,1.5,8.8,18.8,,0.9,2.0,2.9,.063,,-2.2,-0.4,-2.6,-0.3
155,126,Mike Gminski,C,31,PHI,30,791,12.7,.436,.028,.222,10.3,18.1,14.3,6.1,1.0,2.5,9.0,18.9,,-0.1,0.9,0.7,.045,,-3.2,0.0,-3.2,-0.2
156,126,Mike Gminski,C,31,CHH,50,1405,14.7,.505,.011,.181,9.2,22.4,15.6,6.5,0.8,1.0,8.7,18.8,,1.0,1.1,2.1,.073,,-1.6,-0.6,-2.2,-0.1
157,127,Dan Godfread,C,23,MIN,10,20,20.3,.472,.083,.333,0.0,12.4,5.8,0.0,2.6,12.7,0.0,29.6,,0.0,0.0,0.1,.142,,-4.7,-0.6,-5.3,0.0
163,133,Stuart Gray,C,27,NYK,8,37,5.1,.413,.000,.250,6.4,24.3,15.5,0.0,0.0,1.6,13.1,18.1,,-0.1,0.0,0.0,-0.013,,-10.1,-5.3,-15.3,-0.1
189,158,Dave Hoppen,C,26,TOT,30,155,11.7,.596,.045,.500,13.1,15.7,14.4,2.9,1.0,0.4,19.5,18.5,,0.1,0.1,0.2,.073,,-2.5,-3.3,-5.8,-0.1
190,158,Dave Hoppen,C,26,CHH,19,112,11.2,.604,.031,.313,14.0,16.9,15.4,4.0,0.9,0.6,24.8,18.4,,0.0,0.1,0.1,.038,,-2.8,-2.2,-5.0,-0.1
191,158,Dave Hoppen,C,26,PHI,11,43,13.2,.579,.083,1.000,10.7,12.8,11.7,0.0,1.2,0.0,5.5,18.6,,0.1,0.0,0.1,.164,,-1.5,-6.2,-7.8,-0.1
200,166,Les Jepsen,C,23,GSW,21,105,7.7,.350,.028,.250,17.8,21.0,19.4,1.2,0.4,1.7,7.0,16.3,,-0.1,0.1,0.0,.010,,-5.7,-4.2,-9.9,-0.2
210,172,Steve Johnson,C,33,GSW,24,228,9.6,.568,.000,.587,8.7,18.8,13.8,9.9,0.8,1.0,24.0,18.3,,0.0,0.2,0.2,.034,,-3.3,-1.2,-4.4,-0.1
212,174,Charles Jones,C,33,WSB,62,1499,9.4,.558,.000,.403,8.6,17.6,13.1,4.0,1.7,4.9,24.0,5.3,,0.6,2.3,2.9,.092,,-3.3,4.5,1.2,1.2
217,179,Alec Kessler,C,24,MIA,78,1259,8.4,.462,.009,.280,10.0,20.0,14.9,3.7,0.7,1.3,17.0,20.5,,-1.4,1.2,-0.1,-0.005,,-5.9,-1.9,-7.8,-1.8
223,184,Greg Kite,C,29,ORL,82,2225,7.4,.504,.000,.364,9.0,20.1,14.4,3.5,0.5,2.2,20.6,9.0,,0.0,2.0,2.0,.043,,-3.4,1.7,-1.7,0.2
224,185,Joe Kleine,C,29,BOS,72,850,9.9,.519,.009,.317,10.1,20.7,15.8,3.0,0.9,0.9,17.6,14.9,,0.2,1.0,1.2,.069,,-3.5,-1.3,-4.8,-0.6
227,188,Jon Koncak,C,27,ATL,77,1931,8.4,.454,.025,.168,5.5,16.0,10.6,8.3,1.9,2.4,12.7,8.4,,0.6,1.9,2.5,.062,,-2.3,3.0,0.7,1.3
229,190,Bill Laimbeer,C,33,DET,82,2668,14.2,.536,.161,.189,7.4,24.2,15.8,8.8,0.7,1.3,10.4,15.5,,3.6,4.4,8.0,.144,,-0.1,2.2,2.1,2.7
231,192,Andrew Lang,C,24,PHO,63,1152,13.6,.632,.005,.688,11.3,17.2,14.4,2.9,0.7,6.3,15.5,10.3,,1.9,1.8,3.7,.155,,-0.7,3.1,2.4,1.3
232,193,Eric Leckner,C,24,TOT,72,1122,7.5,.473,.000,.378,8.1,22.4,15.1,5.0,0.6,1.2,16.8,15.8,,-0.8,1.0,0.2,.007,,-5.4,-0.8,-6.2,-1.2
233,193,Eric Leckner,C,24,SAC,32,378,5.6,.436,.000,.281,7.9,18.5,13.0,7.0,0.5,1.9,18.8,15.4,,-0.5,0.3,-0.1,-0.018,,-6.6,-0.5,-7.0,-0.5
234,193,Eric Leckner,C,24,CHH,40,744,8.4,.489,.000,.424,8.3,24.3,16.1,4.0,0.7,0.9,15.8,16.0,,-0.3,0.6,0.3,.020,,-4.8,-1.0,-5.8,-0.7
237,196,Gary Leonard,C,23,ATL,4,9,8.7,.568,,,0.0,25.1,12.1,0.0,0.0,6.7,0.0,8.1,,0.0,0.0,0.0,.114,,-6.6,-0.6,-7.2,0.0
246,204,Alton Lister,C,32,GSW,77,1552,10.7,.509,.003,.514,8.6,25.7,17.1,7.7,0.6,3.4,18.0,15.1,,0.2,1.7,1.9,.058,,-3.5,1.1,-2.4,-0.1
251,209,Rick Mahorn,C,32,PHI,80,2439,11.8,.535,.016,.429,7.1,21.2,14.3,6.8,1.6,1.4,16.0,14.2,,1.3,3.1,4.4,.086,,-2.1,1.6,-0.4,0.9
255,213,Moses Malone*,C,35,ATL,82,1912,18.2,.570,.012,.622,15.0,23.4,19.1,5.1,0.8,2.3,15.2,19.4,,3.8,1.8,5.6,.140,,-0.1,-0.8,-0.9,0.5
265,222,Tim McCormick,C,28,ATL,56,689,11.9,.556,.016,.481,8.6,17.9,13.1,6.5,0.8,1.2,16.6,16.3,,0.6,0.5,1.1,.075,,-2.2,-1.1,-3.3,-0.2
273,228,Mark McNamara,C,31,ORL,2,13,1.0,.000,.000,.000,0.0,34.5,16.8,0.0,0.0,0.0,0.0,3.1,,0.0,0.0,0.0,-0.019,,-11.9,-1.9,-13.8,0.0
280,233,Paul Mokeski,C,34,GSW,36,257,6.6,.434,.153,.254,8.6,20.1,14.4,4.3,1.4,0.7,9.6,11.3,,0.1,0.2,0.3,.056,,-3.6,-0.9,-4.4,-0.2
295,247,Dan O'Sullivan,C,22,UTA,21,85,6.0,.504,.000,.688,7.4,15.6,11.8,6.4,0.6,0.7,16.1,12.9,,0.0,0.1,0.1,.062,,-4.2,-0.1,-4.4,-0.1
297,249,Alan Ogg,C,23,MIA,31,261,7.4,.455,.036,.182,6.3,14.8,10.5,1.0,1.1,6.3,11.9,10.5,,-0.1,0.3,0.3,.053,,-6.1,2.0,-4.2,-0.1
298,250,Hakeem Olajuwon*,C,28,HOU,56,2062,24.3,.549,.004,.289,11.4,28.3,19.9,10.2,2.9,6.4,13.9,25.0,,2.9,5.7,8.6,.201,,0.4,5.9,6.3,4.3
299,251,Jawann Oldham,C,33,IND,4,19,8.1,.500,.000,.000,0.0,17.5,9.1,0.0,0.0,0.0,0.0,13.3,,0.0,0.0,0.0,.028,,-6.2,-6.0,-12.2,0.0
302,254,Walter Palmer,C,22,UTA,28,85,8.5,.388,.022,.333,8.9,19.5,14.5,11.1,1.8,2.9,10.4,30.0,,-0.2,0.2,-0.1,-0.041,,-7.0,-0.3,-7.3,-0.1
303,255,Robert Parish*,C,37,BOS,81,2441,20.6,.637,.001,.381,13.4,24.4,19.3,3.7,1.3,2.4,13.9,19.0,,6.1,3.9,10.0,.198,,1.8,-0.1,1.7,2.3
307,259,Will Perdue,C,25,CHI,74,972,13.7,.540,.013,.477,15.0,25.6,20.3,6.0,1.2,3.7,20.9,15.8,,0.6,1.7,2.3,.115,,-2.3,1.4,-0.9,0.3
310,261,Tim Perry,C,25,PHO,46,587,13.8,.552,.035,.486,10.4,12.9,11.7,5.9,1.9,4.2,15.5,14.4,,0.5,0.9,1.4,.116,,-0.9,2.5,1.5,0.5
312,263,Jim Petersen,C,28,GSW,62,834,9.8,.518,.017,.322,9.1,17.3,13.2,4.2,0.7,2.9,15.1,15.2,,0.3,0.6,1.0,.055,,-3.2,-0.6,-3.9,-0.4
321,268,Olden Polynice,C,26,TOT,79,2092,14.0,.576,.002,.447,11.8,18.3,15.0,2.8,1.0,1.0,11.5,15.1,,3.1,2.0,5.2,.118,,-0.4,-0.8,-1.2,0.4
322,268,Olden Polynice,C,26,SEA,48,960,15.2,.562,.000,.376,14.0,19.7,16.8,2.4,1.4,1.3,13.0,17.8,,1.3,0.9,2.3,.113,,-0.5,-1.8,-2.3,-0.1
323,268,Olden Polynice,C,26,LAC,31,1132,12.9,.592,.004,.529,9.9,17.1,13.5,3.2,0.7,0.7,9.8,12.8,,1.8,1.1,2.9,.123,,-0.4,0.1,-0.3,0.5
331,276,Blair Rasmussen,C,28,DEN,70,2325,11.7,.473,.006,.105,6.3,22.9,13.8,3.7,0.9,3.0,8.0,15.3,,0.6,1.1,1.7,.036,,-3.5,0.0,-3.5,-0.9
332,277,J.R. Reid,C,22,CHH,80,2467,10.8,.508,.003,.335,7.0,16.7,11.7,5.3,1.7,1.2,14.7,18.0,,-0.3,2.1,1.8,.034,,-2.6,0.5,-2.1,-0.1
343,287,David Robinson*,C,25,SAS,82,3095,27.4,.615,.005,.569,12.6,24.7,19.0,10.9,2.0,6.2,13.7,26.6,,9.4,7.6,17.0,.264,,4.0,4.4,8.4,8.1
349,291,Tree Rollins,C,35,DET,37,202,5.9,.460,.000,.424,7.3,16.5,11.9,2.7,0.5,6.3,27.7,11.8,,-0.3,0.4,0.1,.022,,-7.0,3.5,-3.5,-0.1
352,294,Ralph Sampson*,C,30,SAC,25,348,7.2,.365,.054,.204,13.0,23.4,18.1,7.1,1.6,3.1,21.0,16.1,,-0.8,0.5,-0.3,-0.038,,-6.8,1.5,-5.3,-0.3
355,297,Danny Schayes,C,31,MIL,82,2228,14.8,.587,.008,.549,9.1,19.7,14.3,6.2,1.2,1.8,12.5,16.3,,4.3,2.6,6.8,.147,,-0.2,0.5,0.3,1.3
356,298,Steve Scheffler,C,23,CHH,39,227,12.4,.612,.000,.538,10.3,12.5,11.4,5.3,1.3,0.5,7.7,9.8,,0.5,0.1,0.6,.132,,-0.5,-0.5,-1.1,0.1
357,299,Dwayne Schintzius,C,22,SAS,42,398,10.1,.458,.013,.258,8.2,24.5,16.8,6.2,0.2,4.4,16.5,21.6,,-0.5,0.8,0.2,.027,,-6.5,0.3,-6.2,-0.4
362,303,Rony Seikaly,C,25,MIA,64,2171,15.2,.522,.007,.507,10.5,26.3,18.3,6.8,1.1,2.4,16.9,22.7,,0.0,3.1,3.0,.067,,-2.6,0.6,-2.0,0.0
363,304,John Shasky,C,26,DAL,57,510,11.1,.497,.000,.681,13.0,17.0,15.0,3.0,1.4,2.4,15.2,15.4,,0.2,0.5,0.7,.063,,-3.7,-0.7,-4.3,-0.3
365,306,Jack Sikma*,C,35,MIL,77,1940,13.7,.516,.195,.285,6.5,20.8,13.5,10.7,1.7,2.1,14.3,20.1,,1.0,2.6,3.5,.088,,-1.3,1.0,-0.3,0.8
377,318,Rik Smits,C,24,IND,76,1690,14.9,.525,.000,.268,8.2,15.8,12.1,7.4,0.7,3.9,9.8,21.7,,1.8,1.1,2.9,.081,,-1.5,-0.9,-2.4,-0.2
378,319,Mike Smrek,C,28,TOT,15,95,5.4,.372,.000,.444,7.9,21.9,14.8,5.5,1.5,1.9,8.5,15.0,,-0.1,0.1,0.0,.018,,-6.5,0.2,-6.2,-0.1
379,319,Mike Smrek,C,28,GSW,5,25,14.6,.549,.000,.364,13.2,17.6,15.4,6.1,3.7,0.0,13.6,23.6,,0.0,0.0,0.1,.111,,-0.6,-1.6,-2.2,0.0
380,319,Mike Smrek,C,28,LAC,10,70,2.1,.256,.000,.500,6.1,23.5,14.6,5.3,0.7,2.6,4.9,11.9,,-0.1,0.1,0.0,-0.015,,-8.6,0.9,-7.7,-0.1
383,321,Felton Spencer,C,23,MIN,81,2099,13.8,.581,.003,.661,14.1,21.8,17.7,1.6,1.2,3.7,13.5,11.7,,3.5,2.1,5.6,.128,,-1.6,0.1,-1.4,0.3
389,327,Roy Tarpley,C,26,DAL,5,171,23.6,.587,.013,.228,10.7,26.0,18.3,12.4,1.8,3.3,13.0,25.9,,0.3,0.3,0.6,.165,,1.4,1.1,2.4,0.2
396,334,LaSalle Thompson,C,29,IND,82,1946,11.2,.512,.009,.184,9.4,23.3,16.6,10.4,1.6,1.9,21.6,16.8,,-0.7,1.9,1.2,.030,,-2.7,1.1,-1.6,0.2
397,335,Mychal Thompson,C,36,LAL,72,1077,9.6,.540,.009,.386,8.3,15.9,12.3,2.6,1.1,1.3,15.0,12.7,,0.6,1.4,2.1,.091,,-3.0,0.4,-2.6,-0.2
414,351,Stojko Vranković,C,27,BOS,31,166,8.8,.484,.000,.346,10.9,22.1,16.9,3.1,0.3,10.0,28.6,21.3,,-0.4,0.3,-0.1,-0.026,,-8.4,2.4,-5.9,-0.2
419,356,Bill Wennington,C,27,SAC,77,1455,11.0,.479,.012,.227,7.7,19.1,13.2,7.2,1.6,2.6,10.1,15.2,,0.4,1.8,2.1,.070,,-3.5,1.1,-2.5,-0.2
421,358,Mark West,C,30,PHO,82,1957,14.6,.665,.000,.539,10.1,20.9,15.7,2.4,0.8,4.7,15.4,11.6,,3.4,3.1,6.5,.160,,-0.3,2.2,1.9,1.9
426,362,Eddie Lee Wilkins,C,28,NYK,68,668,10.5,.474,.004,.353,12.2,18.7,15.5,3.4,1.3,0.6,14.5,22.5,,-0.5,0.8,0.3,.019,,-4.8,-2.6,-7.4,-0.9
429,365,Herb Williams,C,32,DAL,60,1832,13.1,.524,.006,.198,5.4,16.9,11.1,8.1,0.8,3.0,13.7,19.9,,0.1,1.6,1.7,.045,,-2.5,0.5,-2.0,0.0
430,366,Hot Rod Williams,C,28,CLE,43,1293,14.9,.503,.002,.381,10.0,16.0,13.0,11.6,1.4,3.2,11.1,19.1,,1.0,1.4,2.4,.090,,-0.8,1.6,0.8,0.9
444,378,Joe Wolf,C,26,DEN,74,1593,10.1,.485,.029,.160,7.3,17.3,11.9,8.0,1.6,1.0,14.6,14.4,,0.2,0.5,0.7,.021,,-2.9,-0.2,-3.1,-0.4
