,Rk,Player,Pos,Age,Tm,G,MP,PER,TS%,3PAr,FTr,ORB%,DRB%,TRB%,AST%,STL%,BLK%,TOV%,USG%,Unnamed: 19,OWS,DWS,WS,WS/48,Unnamed: 24,OBPM,DBPM,BPM,VORP
2,3,Mark Acres,C,29,ORL,68,926,10.1,.576,.020,.444,11.4,19.2,15.2,3.2,1.3,1.0,15.5,9.6,,1.1,0.8,1.9,.097,,-2.3,0.1,-2.2,-0.1
7,8,Victor Alexander,C,22,GSW,80,1350,13.9,.561,.002,.325,8.7,18.3,13.6,3.1,1.5,2.7,14.8,18.3,,1.1,1.4,2.5,.090,,-2.2,-0.7,-2.9,-0.3
21,20,Isaac Austin,C,22,UTA,31,112,15.0,.515,.000,.652,11.6,23.1,17.6,6.7,0.9,1.1,11.9,25.9,,0.1,0.2,0.3,.112,,-2.8,-2.4,-5.2,-0.1
23,21,Miloš Babić,C,23,MIA,9,35,18.3,.545,.000,.615,6.3,29.1,17.6,26.4,1.4,0.0,23.2,25.8,,0.0,0.0,0.0,.057,,-2.6,-0.4,-3.0,0.0
35,29,William Bedford,C,28,DET,32,363,8.4,.436,.008,.182,7.5,12.0,9.8,4.9,0.9,3.1,10.3,17.6,,-0.2,0.5,0.3,.043,,-4.9,0.5,-4.4,-0.2
36,30,Benoit Benjamin,C,27,SEA,63,1941,14.1,.517,.003,.336,7.6,23.2,15.2,5.9,1.0,3.9,17.1,22.2,,-0.3,2.5,2.2,.054,,-3.1,0.8,-2.4,-0.2
46,38,Manute Bol,C,29,PHI,71,1267,7.7,.394,.070,.203,4.9,15.1,10.0,2.3,0.4,9.8,22.7,6.3,,-0.9,1.6,0.8,.028,,-6.0,5.3,-0.7,0.4
50,41,Sam Bowie,C,30,NJN,71,2179,16.4,.496,.026,.296,9.5,18.9,14.0,12.5,0.9,3.3,12.3,22.5,,2.2,2.4,4.6,.101,,-0.7,0.7,0.0,1.1
52,43,Randy Breuer,C,31,MIN,67,1176,14.3,.480,.003,.224,8.9,17.7,13.2,10.6,1.2,5.0,9.8,15.1,,0.7,1.0,1.7,.070,,-2.1,1.9,-0.2,0.5
60,49,Mike Brown,C,28,UTA,82,1783,12.3,.515,.002,.584,12.4,17.5,15.1,6.3,1.2,1.2,14.6,17.4,,1.4,2.3,3.7,.100,,-1.3,0.5,-0.8,0.5
76,60,Elden Campbell,C,23,LAL,81,1876,13.3,.491,.004,.454,9.3,16.5,12.8,4.6,1.5,5.2,11.0,15.4,,0.9,2.4,3.3,.085,,-2.7,2.1,-0.6,0.7
80,63,Bill Cartwright,C,34,CHI,64,1471,10.9,.497,.000,.357,7.5,17.7,12.7,7.6,0.8,0.6,12.7,17.3,,0.6,1.9,2.5,.082,,-2.4,-0.3,-2.7,-0.3
82,65,Duane Causwell,C,23,SAC,80,2291,12.4,.575,.002,.488,9.2,18.1,13.6,3.5,1.0,5.5,18.3,12.3,,1.3,2.6,3.9,.081,,-2.9,2.3,-0.6,0.8
92,73,Marty Conlon,C,24,SEA,45,381,9.3,.521,.000,.317,9.8,11.1,10.4,4.3,1.2,1.2,19.0,15.7,,0.0,0.2,0.3,.037,,-3.0,-1.3,-4.3,-0.2
95,76,Wayne Cooper,C,35,POR,35,344,10.2,.443,.000,.134,12.1,20.0,16.0,7.9,0.6,4.9,14.7,12.1,,0.1,0.6,0.7,.096,,-3.6,2.9,-0.7,0.1
96,77,Tom Copa,C,27,SAS,33,132,10.7,.525,.000,.325,11.7,18.0,14.9,3.3,0.8,2.8,14.9,17.2,,0.0,0.2,0.2,.078,,-3.7,-0.9,-4.5,-0.1
107,85,Brad Daugherty,C,26,CLE,73,2643,23.0,.629,.002,.528,8.4,23.1,16.0,15.3,1.2,1.7,12.9,23.6,,8.2,3.5,11.7,.213,,3.9,1.1,5.0,4.7
114,92,Vlade Divac*,C,23,LAL,36,979,15.9,.553,.060,.353,10.0,18.9,14.4,9.5,2.9,2.2,19.4,20.3,,0.4,1.5,1.8,.090,,-0.8,2.0,1.2,0.8
115,93,James Donaldson,C,34,TOT,58,1075,11.1,.504,.000,.351,9.5,19.5,14.4,4.5,0.4,2.8,14.5,13.3,,0.4,0.9,1.4,.061,,-3.7,0.6,-3.0,-0.3
116,93,James Donaldson,C,34,DAL,44,994,12.0,.517,.000,.370,10.1,19.1,14.5,4.6,0.4,2.7,13.4,13.2,,0.7,0.8,1.5,.072,,-3.0,0.5,-2.5,-0.1
117,93,James Donaldson,C,34,NYK,14,81,-0.3,.318,.000,.111,2.9,23.8,13.4,3.2,0.0,4.0,27.0,14.0,,-0.3,0.1,-0.1,-0.076,,-11.7,1.6,-10.1,-0.2
121,95,Greg Dreiling,C,29,IND,60,509,5.6,.559,.011,.460,5.1,15.2,10.4,6.2,1.0,1.9,22.9,11.2,,0.0,0.4,0.5,.043,,-4.3,0.2,-4.1,-0.3
123,97,Kevin Duckworth,C,27,POR,82,2222,10.5,.497,.004,.288,7.4,17.0,12.2,6.3,0.8,1.0,13.9,18.8,,0.3,3.0,3.3,.071,,-3.1,0.0,-3.1,-0.6
124,98,Chris Dudley,C,26,NJN,82,1902,13.2,.420,.000,.362,18.4,22.8,20.6,3.9,1.0,5.6,12.6,13.2,,0.6,2.8,3.4,.085,,-2.8,2.0,-0.8,0.6
128,101,Mark Eaton,C,35,UTA,81,2023,9.1,.478,.000,.363,8.8,18.2,13.7,2.5,0.9,6.2,17.7,7.2,,0.4,3.5,3.8,.091,,-3.1,4.7,1.7,1.9
129,102,Patrick Eddie,C,24,NYK,4,13,-8.8,.222,.000,.000,0.0,8.7,4.4,0.0,0.0,0.0,0.0,30.2,,-0.1,0.0,-0.1,-0.267,,-16.8,-8.1,-24.9,-0.1
131,104,James Edwards,C,36,LAC,72,1437,11.7,.531,.002,.504,4.2,11.4,7.8,5.5,0.8,1.4,9.9,21.6,,1.3,1.5,2.8,.094,,-2.6,-1.4,-4.0,-0.7
137,110,LeRon Ellis,C,22,LAC,29,103,8.6,.368,.000,.380,12.9,13.0,13.0,1.4,2.9,5.5,15.9,28.6,,-0.4,0.2,-0.2,-0.100,,-9.7,-0.4,-10.2,-0.2
138,111,Pervis Ellison,C,24,WSB,66,2511,19.9,.574,.003,.308,9.3,23.4,16.1,12.0,1.2,4.3,14.5,22.6,,3.2,3.7,6.9,.131,,0.6,2.5,3.1,3.2
140,113,Patrick Ewing*,C,29,NYK,82,3150,22.8,.563,.004,.335,8.4,24.9,16.8,8.5,1.4,5.0,10.7,27.2,,6.1,6.9,13.0,.198,,1.1,3.0,4.0,4.8
141,114,Dave Feitl,C,29,NJN,34,175,11.9,.480,.000,.247,12.3,25.1,18.4,5.0,0.6,1.0,18.2,23.9,,-0.1,0.2,0.1,.019,,-5.8,-3.5,-9.3,-0.3
163,132,Mike Gminski,C,32,CHH,35,499,13.0,.478,.015,.141,7.8,17.8,12.7,8.5,1.0,1.9,8.6,18.7,,0.2,0.4,0.5,.051,,-2.9,-1.0,-3.9,-0.2
164,133,Dan Godfread,C,24,HOU,1,2,0.0,,,,0.0,0.0,0.0,0.0,0.0,0.0,,0.0,,0.0,0.0,0.0,-0.005,,-6.8,0.1,-6.7,0.0
179,145,Jack Haley,C,28,LAL,49,394,3.6,.393,.000,.345,8.8,18.8,13.7,2.5,0.9,1.2,20.5,13.5,,-0.7,0.4,-0.3,-0.034,,-7.4,-1.2,-8.7,-0.7
187,151,Scott Hastings,C,31,DEN,40,421,7.1,.465,.180,.560,7.3,18.5,12.5,7.9,1.2,2.2,26.1,8.1,,-0.1,0.4,0.3,.040,,-4.9,1.7,-3.2,-0.1
198,158,Tyrone Hill,C,23,GSW,82,1886,12.8,.568,.002,.483,10.7,23.4,17.2,3.1,1.8,1.3,15.2,14.8,,2.1,2.3,4.5,.114,,-1.4,-0.2,-1.5,0.2
202,161,Dave Hoppen,C,27,PHI,11,40,2.7,.395,.000,1.429,2.9,25.5,14.3,6.6,0.0,0.0,20.8,15.8,,-0.1,0.0,-0.1,-0.071,,-9.2,-2.3,-11.5,-0.1
215,172,Les Jepsen,C,24,SAC,31,87,10.1,.433,.042,.458,14.8,22.4,18.6,1.6,0.6,3.4,9.4,15.3,,0.0,0.1,0.1,.057,,-5.6,-2.6,-8.2,-0.1
224,179,Charles Jones,C,34,WSB,75,1365,6.8,.400,.000,.444,8.2,17.4,12.7,5.5,1.5,4.1,26.6,4.5,,0.0,1.8,1.8,.063,,-4.8,4.2,-0.6,0.5
233,187,Rich King,C,22,SEA,40,213,10.1,.485,.014,.634,10.6,16.0,13.3,7.8,0.9,1.5,16.5,21.5,,0.0,0.2,0.2,.046,,-3.5,-1.9,-5.4,-0.2
235,189,Greg Kite,C,30,ORL,72,1479,7.7,.465,.005,.316,11.5,19.1,15.2,3.9,1.0,2.4,19.9,8.6,,0.1,1.3,1.4,.045,,-3.7,1.7,-1.9,0.0
236,190,Joe Kleine,C,30,BOS,70,991,13.5,.519,.027,.164,10.9,21.4,16.4,4.3,1.2,0.8,7.9,14.8,,1.2,1.3,2.6,.124,,-1.3,-0.4,-1.6,0.1
239,193,Jon Koncak,C,28,ATL,77,1489,7.4,.406,.042,.102,4.3,14.5,9.3,11.0,1.6,2.7,15.4,9.7,,-0.5,1.6,1.1,.034,,-4.4,2.6,-1.8,0.1
241,195,Bill Laimbeer,C,34,DET,81,2234,12.6,.515,.117,.103,5.3,17.4,11.4,11.0,1.2,1.5,11.8,16.9,,1.6,3.3,4.9,.105,,-1.3,1.8,0.4,1.4
246,197,Andrew Lang,C,25,PHO,81,1965,13.8,.568,.002,.345,10.0,20.1,15.3,2.8,1.2,5.9,13.7,13.4,,2.2,3.5,5.7,.140,,-1.8,3.0,1.2,1.6
247,198,Eric Leckner,C,25,CHH,59,716,9.4,.555,.006,.331,7.2,24.0,15.5,5.4,0.6,1.5,18.1,12.2,,0.3,0.6,0.9,.060,,-4.2,-0.5,-4.6,-0.5
249,200,Gary Leonard,C,24,ATL,5,13,32.4,.727,.000,.333,24.0,16.7,20.4,13.5,3.8,0.0,12.7,25.0,,0.1,0.0,0.1,.355,,9.8,-0.1,9.8,0.0
257,207,Alton Lister,C,33,GSW,26,293,11.2,.545,.000,.418,8.0,26.0,17.2,6.0,0.8,3.2,17.6,15.5,,0.1,0.4,0.4,.071,,-3.5,0.3,-3.3,-0.1
260,210,Luc Longley,C,23,MIN,66,991,10.1,.494,.000,.321,7.2,21.8,14.3,7.3,1.8,3.9,22.6,15.8,,-0.9,1.1,0.2,.009,,-5.1,1.7,-3.4,-0.3
266,216,Moses Malone*,C,36,MIL,82,2511,19.2,.556,.009,.543,14.0,20.1,16.9,5.6,1.5,1.6,11.5,21.7,,5.6,2.2,7.8,.148,,1.0,-0.9,0.1,1.3
283,226,Tim McCormick,C,29,NYK,22,108,12.8,.497,.000,.636,15.0,21.0,18.0,11.8,1.0,0.0,15.9,20.3,,0.1,0.2,0.2,.108,,-2.0,-0.3,-2.3,0.0
304,244,Dikembe Mutombo*,C,25,DEN,71,2716,16.5,.540,.000,.575,11.9,23.3,17.3,8.6,0.8,4.8,18.8,20.1,,1.3,3.6,4.8,.086,,-1.2,2.6,1.4,2.3
307,247,Chuck Nevitt,C,32,CHI,4,9,-13.6,.333,.000,.000,0.0,12.5,6.4,13.8,0.0,0.0,50.0,28.8,,-0.1,0.0,-0.1,-0.467,,-19.7,-2.5,-22.2,0.0
311,251,Alan Ogg,C,24,MIA,43,367,9.8,.556,.000,.357,9.0,13.6,11.3,2.7,0.7,4.6,16.4,13.3,,0.2,0.3,0.5,.063,,-3.6,0.1,-3.5,-0.1
312,252,Hakeem Olajuwon*,C,29,HOU,70,2636,23.7,.553,.001,.364,10.7,24.7,17.8,9.9,2.4,6.8,12.0,25.6,,4.2,5.6,9.8,.178,,0.7,4.3,5.0,4.7
318,258,Robert Parish*,C,38,BOS,79,2285,18.9,.571,.000,.265,11.1,22.4,17.0,4.4,1.5,2.5,11.8,20.8,,3.8,3.6,7.4,.155,,0.3,0.6,1.0,1.7
323,262,Will Perdue,C,26,CHI,77,1007,14.2,.550,.007,.327,12.7,22.8,17.9,10.3,0.8,2.7,18.5,16.7,,0.8,1.7,2.5,.121,,-1.2,1.2,0.0,0.5
336,273,Olden Polynice,C,27,LAC,76,1834,13.1,.549,.002,.428,11.8,20.8,16.3,3.5,1.2,0.7,12.9,14.9,,1.9,2.6,4.5,.118,,-1.7,0.1,-1.7,0.1
350,282,Blair Rasmussen,C,29,ATL,81,1968,11.6,.490,.032,.055,5.0,16.5,10.6,7.8,0.9,1.5,6.4,16.7,,1.3,1.6,3.0,.072,,-2.3,-0.2,-2.5,-0.2
351,283,J.R. Reid,C,23,CHH,51,1257,14.1,.540,.007,.437,8.1,19.2,13.6,8.7,1.8,1.1,13.9,19.4,,1.0,1.2,2.1,.082,,-1.3,0.0,-1.4,0.2
359,291,Stanley Roberts,C,21,ORL,55,1118,16.3,.538,.002,.439,11.0,22.9,16.8,5.8,1.0,4.5,12.8,22.7,,0.8,1.4,2.1,.092,,-1.8,0.3,-1.5,0.1
363,295,David Robinson*,C,26,SAS,68,2564,27.5,.597,.007,.522,11.2,24.0,17.7,11.3,3.1,7.4,12.1,24.7,,7.0,6.9,13.9,.260,,3.8,6.1,10.0,7.8
367,299,Tree Rollins,C,36,HOU,59,697,11.2,.595,.000,.349,10.0,17.1,13.7,2.8,1.0,5.2,15.4,7.3,,0.8,0.9,1.7,.119,,-3.1,2.5,-0.5,0.3
371,302,Jeff Ruland,C,33,PHI,13,209,6.1,.566,.000,.421,8.8,16.8,12.9,3.4,1.7,1.2,30.8,13.7,,-0.2,0.2,0.0,.006,,-4.8,0.0,-4.8,-0.1
373,304,Ralph Sampson*,C,31,WSB,10,108,5.8,.348,.069,.207,10.9,19.7,15.2,4.8,1.4,4.5,24.0,16.3,,-0.3,0.2,-0.2,-0.069,,-8.6,1.5,-7.1,-0.1
378,307,Danny Schayes,C,32,MIL,43,726,10.7,.497,.000,.482,8.8,18.0,13.2,6.5,1.3,1.6,14.5,16.3,,0.4,0.6,0.9,.061,,-3.1,-0.4,-3.5,-0.3
379,308,Steve Scheffler,C,24,TOT,11,61,16.6,.735,.000,1.333,16.9,7.4,12.4,0.0,2.4,1.0,6.5,10.3,,0.2,0.0,0.3,.220,,1.3,-3.0,-1.8,0.0
380,308,Steve Scheffler,C,24,SAC,4,15,27.1,.970,.000,3.000,14.3,7.2,10.8,0.0,0.0,3.9,0.0,12.9,,0.1,0.0,0.1,.407,,6.1,-5.0,1.1,0.0
381,308,Steve Scheffler,C,24,DEN,7,46,13.2,.622,.000,.857,17.7,7.5,12.9,0.0,3.2,0.0,9.4,9.4,,0.1,0.0,0.2,.159,,-0.3,-2.4,-2.7,0.0
382,309,Dwayne Schintzius,C,23,SAC,33,400,10.6,.450,.034,.103,11.5,20.3,15.9,7.0,0.7,4.1,13.4,14.7,,-0.1,0.4,0.4,.045,,-4.4,0.5,-3.8,-0.2
386,313,Rony Seikaly,C,26,MIA,79,2800,16.6,.554,.003,.533,12.1,25.4,18.6,5.9,0.7,2.6,15.6,20.7,,3.3,2.9,6.2,.106,,-1.0,0.0,-1.0,0.7
388,315,Charles Shackleford,C,25,PHI,72,1399,13.4,.510,.002,.225,12.0,21.9,17.0,5.0,1.4,2.2,11.8,16.5,,1.1,1.6,2.7,.093,,-2.1,-0.1,-2.1,-0.1
403,327,Rik Smits,C,25,IND,74,1772,16.8,.545,.002,.226,8.2,17.3,13.0,10.4,0.8,3.4,12.2,25.3,,1.7,1.7,3.4,.093,,-1.2,-0.5,-1.7,0.1
404,328,Mike Smrek,C,29,GSW,2,3,4.9,,,,0.0,35.8,18.2,0.0,0.0,0.0,,0.0,,0.0,0.0,0.0,.054,,-9.1,-1.8,-10.9,0.0
408,330,Felton Spencer,C,24,MIN,61,1481,11.2,.495,.000,.538,12.1,20.6,16.2,4.7,0.9,3.2,14.6,13.8,,0.7,1.2,2.0,.064,,-2.7,0.5,-2.2,-0.1
423,344,LaSalle Thompson,C,30,IND,80,1299,10.9,.505,.006,.198,8.8,22.9,16.2,10.5,1.9,1.6,20.1,15.8,,-0.2,1.7,1.6,.058,,-3.4,1.4,-2.0,0.0
440,359,Alexander Volkov,C,27,ATL,77,1516,15.5,.504,.193,.348,7.1,11.6,9.3,23.2,2.1,1.2,13.5,20.6,,1.6,1.4,3.0,.096,,1.0,0.2,1.2,1.2
441,360,Stojko Vranković,C,28,BOS,19,110,11.2,.496,.000,.375,8.4,19.1,14.0,6.0,0.0,9.2,21.2,18.5,,-0.1,0.2,0.1,.037,,-5.8,3.2,-2.5,0.0
446,364,Mark West,C,31,PHO,82,1436,12.5,.650,.000,.552,10.8,17.4,14.2,2.0,0.5,3.2,17.5,13.5,,2.1,1.8,3.9,.131,,-1.2,0.0,-1.2,0.3
457,372,Herb Williams,C,33,DAL,75,2040,12.6,.464,.007,.201,5.4,18.7,11.8,7.6,0.9,2.9,11.0,21.9,,-1.0,1.9,0.8,.020,,-4.0,0.2,-3.8,-0.9
458,373,Hot Rod Williams,C,29,CLE,80,2432,18.6,.569,.006,.529,10.9,16.7,13.9,11.1,1.2,4.3,9.0,16.5,,6.0,3.2,9.2,.181,,1.8,2.5,4.3,3.9
471,383,Joe Wolf,C,27,DEN,67,1160,7.2,.415,.040,.238,8.5,14.1,11.1,7.1,1.3,0.7,16.4,12.8,,-0.7,0.9,0.3,.010,,-4.5,0.2,-4.3,-0.7
