,Rk,Player,Pos,Age,Tm,G,MP,PER,TS%,3PAr,FTr,ORB%,DRB%,TRB%,AST%,STL%,BLK%,TOV%,USG%,Unnamed: 19,OWS,DWS,WS,WS/48,Unnamed: 24,OBPM,DBPM,BPM,VORP
4,3,Mark Acres,C,30,TOT,18,269,8.9,.571,.041,.327,10.8,17.4,14.0,2.5,0.5,1.4,18.8,11.0,,0.1,0.2,0.3,.056,,-3.5,-1.3,-4.9,-0.2
5,3,Mark Acres,C,30,HOU,6,23,-0.6,.304,.222,.222,10.5,18.6,14.8,0.0,0.0,0.0,16.8,22.8,,-0.1,0.0,-0.1,-0.165,,-12.6,-7.3,-19.9,-0.1
6,3,Mark Acres,C,30,WSB,12,246,9.8,.628,.000,.350,10.8,17.3,14.0,2.8,0.6,1.5,19.2,9.9,,0.2,0.1,0.4,.077,,-2.7,-0.8,-3.5,-0.1
11,8,Victor Alexander,C,23,GSW,72,1753,14.3,.548,.033,.243,8.4,18.4,13.4,7.8,0.9,1.9,14.0,20.0,,1.6,1.4,3.0,.083,,-1.2,-0.5,-1.8,0.1
24,19,Isaac Austin,C,23,UTA,46,306,11.4,.491,.009,.393,14.6,14.8,14.7,2.9,1.3,2.9,14.9,21.7,,0.0,0.4,0.3,.052,,-3.7,-1.4,-5.1,-0.2
35,29,William Bedford,C,29,SAS,16,66,3.0,.387,.037,.444,1.8,14.9,8.7,0.0,0.0,0.9,3.0,22.2,,-0.1,0.1,-0.1,-0.050,,-9.3,-6.4,-15.7,-0.2
36,30,Benoit Benjamin,C,28,TOT,59,754,13.2,.529,.000,.384,7.7,24.5,16.0,4.3,2.1,4.2,19.8,22.2,,-0.5,1.4,0.9,.057,,-5.1,0.8,-4.4,-0.5
37,30,Benoit Benjamin,C,28,SEA,31,448,14.7,.543,.000,.411,6.9,22.8,14.7,3.8,1.9,5.2,17.9,22.0,,0.0,0.9,0.9,.093,,-4.3,1.2,-3.0,-0.1
38,30,Benoit Benjamin,C,28,LAL,28,306,11.0,.507,.000,.343,8.9,27.1,17.9,4.9,2.3,2.6,22.5,22.4,,-0.5,0.5,0.0,.003,,-6.4,0.1,-6.4,-0.3
47,39,Manute Bol,C,30,PHI,58,855,8.5,.465,.252,.150,5.6,18.8,12.2,2.8,0.8,8.2,27.0,9.2,,-0.9,1.1,0.2,.013,,-6.6,4.0,-2.6,-0.1
52,43,Sam Bowie,C,31,NJN,79,2092,13.2,.500,.009,.284,8.2,20.9,14.5,8.8,0.8,3.8,14.3,16.8,,0.9,3.3,4.3,.098,,-2.5,2.5,0.0,1.0
54,45,Randy Breuer,C,32,ATL,12,107,11.1,.482,.000,.161,10.0,19.5,14.6,7.8,0.9,1.8,13.1,14.8,,0.0,0.1,0.1,.052,,-3.5,-0.5,-4.0,-0.1
55,46,Frank Brickowski,C,33,MIL,66,2075,17.0,.584,.031,.321,6.6,16.0,11.3,15.5,1.9,1.4,17.5,23.9,,1.9,1.8,3.7,.085,,0.5,0.2,0.7,1.4
60,51,Mike Brown,C,29,UTA,82,1551,9.4,.483,.002,.401,11.2,17.3,14.4,5.6,1.0,1.0,16.5,16.0,,-0.1,1.6,1.5,.047,,-3.1,0.1,-3.0,-0.4
62,53,Mark Bryant,C,27,POR,80,1396,11.2,.547,.003,.400,10.0,15.5,12.7,4.1,1.3,1.0,13.0,14.7,,1.5,1.8,3.2,.111,,-2.0,0.0,-2.0,0.0
67,58,Michael Cage,C,31,SEA,82,2156,13.2,.527,.002,.313,14.3,21.6,17.9,4.1,1.8,1.4,11.1,10.4,,2.9,3.3,6.2,.137,,0.0,1.7,1.7,2.0
73,63,Bill Cartwright,C,35,CHI,63,1253,8.3,.458,.000,.286,7.4,14.3,10.7,8.7,0.8,0.5,13.8,15.5,,0.1,1.1,1.2,.048,,-3.5,-0.8,-4.3,-0.7
75,65,Duane Causwell,C,24,SAC,55,1211,14.2,.575,.003,.514,9.9,18.2,13.9,4.1,1.3,4.5,12.8,15.2,,1.5,1.4,2.9,.115,,-1.6,1.4,-0.2,0.5
84,74,Marty Conlon,C,25,SAC,46,467,15.9,.530,.023,.474,11.0,18.6,14.6,11.7,1.3,0.7,11.9,20.5,,0.6,0.4,1.0,.105,,-0.8,-1.3,-2.1,0.0
97,82,Radisav Ćurčić,C,27,DAL,20,166,13.5,.510,.000,.878,10.2,22.9,16.0,10.2,2.0,0.8,12.3,15.9,,0.2,0.1,0.3,.086,,-2.2,-0.5,-2.7,0.0
100,85,Brad Daugherty,C,27,CLE,71,2691,22.0,.635,.002,.540,7.3,22.9,15.5,17.3,1.0,1.3,11.7,21.1,,8.8,3.9,12.7,.226,,3.7,1.5,5.2,4.9
108,93,Vlade Divac*,C,24,LAL,82,2525,17.1,.542,.092,.416,9.8,23.2,16.5,13.6,2.5,3.4,18.1,20.0,,1.5,4.1,5.6,.107,,-0.1,3.3,3.2,3.3
109,94,James Donaldson,C,35,UTA,6,94,10.7,.585,.000,.643,7.5,27.0,17.6,1.4,0.5,4.8,18.2,10.0,,0.0,0.2,0.2,.099,,-4.9,1.3,-3.6,0.0
111,96,Greg Dreiling,C,30,IND,43,239,5.0,.356,.069,.259,12.1,18.1,15.1,4.3,1.0,2.1,12.2,13.0,,-0.2,0.2,0.1,.011,,-5.0,-0.6,-5.6,-0.2
113,98,Kevin Duckworth,C,28,POR,74,1762,11.4,.477,.003,.253,7.1,17.2,12.0,5.9,1.2,1.4,10.2,19.9,,0.2,2.3,2.5,.069,,-3.5,-0.1,-3.6,-0.7
114,99,Chris Dudley,C,27,NJN,71,1398,9.9,.390,.000,.414,16.7,23.4,20.0,1.5,0.6,4.6,14.7,11.1,,-0.3,2.4,2.2,.074,,-4.6,1.5,-3.2,-0.4
119,103,Mark Eaton,C,36,UTA,64,1104,8.7,.582,.000,.385,7.8,19.1,13.6,2.0,0.8,4.6,22.1,7.6,,0.4,1.5,1.9,.082,,-3.6,2.8,-0.8,0.3
121,105,James Edwards,C,37,LAL,52,617,11.2,.509,.000,.437,5.5,13.1,9.2,10.4,0.8,0.7,13.7,25.8,,0.0,0.4,0.4,.030,,-3.5,-3.1,-6.6,-0.7
128,112,Pervis Ellison,C,25,WSB,49,1701,18.5,.559,.006,.369,9.0,19.9,14.3,10.9,1.3,3.9,12.6,21.8,,2.1,1.8,3.9,.110,,0.2,1.5,1.6,1.6
130,114,Patrick Ewing*,C,30,NYK,81,3003,20.8,.546,.005,.359,7.3,28.4,18.2,9.2,1.3,3.6,12.9,29.7,,2.6,8.1,10.6,.170,,-0.8,3.0,2.2,3.2
144,125,Matt Geiger,C,23,MIA,48,554,11.8,.577,.028,.634,9.3,15.6,12.4,3.9,1.4,2.2,16.3,17.3,,0.6,0.6,1.2,.101,,-2.2,-0.5,-2.7,-0.1
151,130,Mike Gminski,C,33,CHH,34,251,14.1,.532,.000,.120,15.3,20.8,18.2,3.9,0.2,2.0,11.2,16.2,,0.3,0.2,0.5,.104,,-1.8,-2.2,-4.0,-0.1
166,142,Jay Guidinger,C,23,CLE,32,215,9.6,.386,.000,.455,14.5,19.4,17.1,10.2,2.1,2.8,13.2,15.7,,-0.1,0.4,0.3,.067,,-3.7,2.0,-1.7,0.0
173,147,Scott Hastings,C,32,DEN,76,670,8.3,.573,.071,.491,6.9,14.8,10.8,6.7,0.9,0.7,17.6,10.0,,0.6,0.7,1.3,.091,,-2.8,0.0,-2.8,-0.1
179,153,Tyrone Hill,C,24,GSW,74,2070,12.9,.541,.008,.447,13.8,27.0,20.4,4.4,1.0,1.2,13.5,13.5,,2.6,2.3,4.9,.112,,-1.2,0.0,-1.1,0.4
180,154,Donald Hodge,C,23,DAL,79,1267,8.3,.441,.000,.260,7.3,18.8,12.5,8.8,1.3,1.9,16.8,17.2,,-1.3,0.5,-0.9,-0.032,,-5.1,-0.4,-5.5,-1.1
181,155,Dave Hoppen,C,28,NJN,2,10,9.0,.532,.000,2.000,10.9,32.9,21.8,0.0,0.0,0.0,0.0,7.9,,0.0,0.0,0.0,.089,,-5.7,-4.8,-10.6,0.0
205,176,Charles Jones,C,35,WSB,67,1206,7.8,.552,.016,.603,8.0,18.1,12.9,4.3,1.5,3.9,32.3,4.2,,0.3,1.3,1.6,.063,,-4.1,3.4,-0.7,0.4
220,188,Rich King,C,23,SEA,3,12,8.7,.510,.000,.400,9.6,39.6,24.3,11.7,0.0,0.0,33.8,31.1,,0.0,0.0,0.0,-0.105,,-10.6,-2.2,-12.7,0.0
221,189,Stacey King,C,26,CHI,76,1059,12.8,.518,.018,.359,11.1,11.5,11.3,9.2,1.3,1.3,15.1,18.9,,0.9,1.0,1.9,.088,,-1.4,-1.0,-2.4,-0.1
222,190,Greg Kite,C,31,ORL,64,640,5.3,.471,.012,.286,12.4,21.1,17.0,2.1,1.0,1.1,27.0,8.7,,-0.2,0.9,0.6,.047,,-4.6,0.5,-4.1,-0.3
223,191,Joe Kleine,C,31,BOS,78,1129,9.6,.439,.022,.217,11.5,23.1,17.4,4.4,0.8,0.9,11.2,12.7,,0.2,1.3,1.5,.064,,-3.3,0.0,-3.3,-0.4
226,194,Jon Koncak,C,29,ATL,78,1975,9.2,.476,.030,.187,5.4,19.2,12.0,8.9,1.9,3.2,15.2,7.1,,0.8,2.2,3.1,.074,,-2.8,3.8,1.0,1.5
229,197,Bill Laimbeer,C,35,DET,79,1933,14.3,.554,.047,.181,6.0,18.5,12.0,9.7,1.2,1.3,8.7,15.1,,3.3,2.1,5.4,.133,,-0.6,1.4,0.8,1.4
231,199,Andrew Lang,C,26,PHI,73,1861,9.3,.481,.014,.325,7.9,17.4,12.7,5.8,1.2,4.5,18.2,11.1,,-0.2,2.0,1.7,.045,,-4.0,2.8,-1.2,0.4
241,206,Alton Lister,C,34,GSW,20,174,4.3,.472,.000,.310,9.6,18.6,14.1,3.8,0.0,3.2,27.4,15.4,,-0.3,0.1,-0.2,-0.043,,-6.9,-0.8,-7.7,-0.2
244,209,Luc Longley,C,24,MIN,55,1045,10.7,.491,.000,.253,8.2,19.3,13.8,7.6,2.3,4.7,21.3,17.5,,-1.1,1.3,0.2,.007,,-4.8,2.3,-2.5,-0.1
253,218,Moses Malone*,C,37,MIL,11,104,18.7,.449,.000,.738,24.2,26.9,25.6,9.6,0.5,5.0,15.2,27.1,,0.0,0.1,0.1,.069,,-3.1,-0.9,-4.0,-0.1
269,233,Oliver Miller,C,22,PHO,56,1069,12.7,.523,.012,.392,7.5,20.9,14.3,14.3,1.7,5.6,26.5,15.7,,-0.4,1.9,1.6,.070,,-3.2,4.5,1.3,0.9
278,241,Alonzo Mourning*,C,22,CHH,78,2644,20.8,.586,.003,.567,11.2,21.0,16.4,4.3,0.5,5.8,14.4,25.5,,4.8,3.4,8.2,.148,,-0.1,0.2,0.2,1.4
283,246,Dikembe Mutombo*,C,26,DEN,82,3029,17.2,.567,.000,.630,11.9,25.5,18.7,6.8,0.7,5.7,17.8,16.3,,3.3,5.5,8.8,.139,,-1.0,3.7,2.7,3.6
291,252,Shaquille O'Neal*,C,20,ORL,81,3071,22.9,.584,.002,.553,13.4,27.1,20.6,8.5,1.0,5.7,15.9,27.0,,4.5,6.0,10.4,.163,,0.9,2.8,3.7,4.4
292,253,Dan O'Sullivan,C,24,TOT,6,17,24.4,.666,.000,.800,12.8,26.6,19.6,8.6,2.9,0.0,0.0,16.9,,0.1,0.0,0.1,.341,,3.0,-2.5,0.5,0.0
293,253,Dan O'Sullivan,C,24,NJN,3,10,20.4,.667,.000,.000,21.8,21.9,21.8,0.0,0.0,0.0,0.0,12.6,,0.0,0.0,0.1,.242,,0.9,-6.8,-5.9,0.0
294,253,Dan O'Sullivan,C,24,MIL,3,7,30.3,.665,.000,2.000,0.0,33.3,16.5,20.8,7.1,0.0,0.0,23.0,,0.1,0.0,0.1,.483,,6.1,3.6,9.7,0.0
296,255,Alan Ogg,C,25,TOT,6,29,15.7,.440,.000,.308,11.6,28.0,19.7,19.4,1.7,6.7,16.9,26.2,,0.0,0.0,0.0,.020,,-6.2,0.3,-6.0,0.0
297,255,Alan Ogg,C,25,MIL,3,26,9.6,.405,.000,.222,4.4,22.4,13.3,21.6,1.9,7.5,23.3,21.2,,-0.1,0.0,0.0,-0.035,,-7.8,3.8,-3.9,0.0
298,255,Alan Ogg,C,25,WSB,3,3,67.9,.512,.000,.500,73.6,76.5,75.0,0.0,0.0,0.0,0.0,69.2,,0.0,0.0,0.0,.497,,7.0,-30.4,-23.4,0.0
299,256,Hakeem Olajuwon*,C,30,HOU,82,3242,27.3,.577,.005,.356,10.5,25.9,18.7,15.8,2.4,6.5,12.4,28.8,,7.9,8.0,15.8,.234,,3.0,5.4,8.4,8.5
306,262,Walter Palmer,C,24,DAL,20,124,12.8,.492,.000,.158,9.6,30.6,19.2,6.9,0.4,2.6,14.1,23.3,,-0.1,0.1,0.0,.006,,-5.2,-2.6,-7.8,-0.2
307,263,Robert Parish*,C,39,BOS,79,2146,19.2,.565,.000,.302,13.1,25.8,19.5,4.2,1.3,3.1,12.0,20.2,,3.4,3.4,6.8,.152,,0.0,0.7,0.7,1.5
312,268,Will Perdue,C,27,CHI,72,998,14.8,.578,.004,.451,11.5,22.0,16.6,10.0,1.1,3.1,20.1,16.0,,1.0,1.5,2.5,.120,,-1.6,1.2,-0.4,0.4
324,278,Olden Polynice,C,28,DET,67,1299,14.6,.494,.002,.331,14.8,21.1,17.8,3.4,1.2,1.0,9.9,18.0,,1.1,1.5,2.6,.095,,-2.0,-0.8,-2.8,-0.3
337,286,Blair Rasmussen,C,30,ATL,22,283,4.8,.414,.075,.163,7.6,14.3,10.8,2.4,0.9,2.2,12.3,14.3,,-0.2,0.2,0.0,-0.002,,-5.7,-1.1,-6.8,-0.3
345,292,Fred Roberts,C,32,MIL,79,1488,15.5,.596,.068,.395,7.0,11.4,9.2,11.7,1.9,1.2,11.8,16.4,,3.0,1.0,3.9,.127,,0.5,-0.4,0.1,0.8
346,293,Stanley Roberts,C,22,LAC,77,1816,14.7,.531,.000,.346,10.9,18.3,14.6,4.7,0.9,4.9,12.9,21.3,,0.8,2.4,3.2,.085,,-2.1,0.4,-1.7,0.1
351,296,David Robinson*,C,27,SAS,82,3211,24.2,.569,.013,.568,8.6,24.8,17.1,15.0,2.0,5.1,12.5,26.4,,6.7,6.4,13.2,.197,,2.4,4.3,6.7,7.0
355,300,Tree Rollins,C,37,HOU,42,247,5.2,.335,.049,.293,5.9,20.8,13.8,5.2,1.2,3.8,16.3,9.9,,-0.3,0.4,0.2,.030,,-7.2,2.7,-4.5,-0.2
357,301,Sean Rooks,C,23,DAL,72,2087,14.7,.528,.003,.521,9.3,19.3,13.9,7.3,0.9,2.5,14.8,21.0,,0.8,0.7,1.5,.034,,-1.8,-0.7,-2.5,-0.3
360,304,Jeff Ruland,C,34,DET,11,55,5.2,.470,.000,.364,17.3,19.0,18.1,4.9,1.9,0.0,32.0,14.6,,-0.1,0.1,0.0,-0.007,,-5.1,0.4,-4.7,0.0
364,308,Danny Schayes,C,33,MIL,70,1124,10.6,.498,.011,.521,7.3,18.4,12.8,9.4,1.6,2.1,16.7,14.8,,0.3,1.1,1.4,.058,,-3.7,0.8,-3.0,-0.3
365,309,Steve Scheffler,C,25,SEA,29,166,13.1,.564,.000,.500,10.4,15.0,12.7,4.1,1.8,0.4,7.9,16.1,,0.4,0.2,0.6,.163,,-0.4,-1.5,-2.0,0.0
366,310,Dwayne Schintzius,C,24,NJN,5,35,12.5,.421,.000,.429,6.2,18.8,12.5,7.4,2.9,3.6,0.0,10.0,,0.0,0.1,0.1,.149,,-3.3,3.8,0.5,0.0
371,315,Rony Seikaly,C,27,MIA,72,2456,18.0,.557,.009,.622,11.9,28.0,19.8,6.7,0.8,2.2,15.5,23.1,,3.2,3.3,6.5,.127,,-0.8,0.1,-0.8,0.8
373,317,Charles Shackleford,C,26,PHI,48,568,13.1,.515,.012,.299,12.4,26.6,19.6,6.9,1.1,2.6,16.2,16.5,,0.2,0.7,0.9,.073,,-3.6,0.2,-3.5,-0.2
384,327,Reggie Smith,C,22,POR,23,68,7.6,.347,.037,.519,23.4,10.0,16.9,2.1,2.9,0.9,10.8,22.5,,-0.1,0.1,0.0,-0.027,,-4.6,-2.3,-6.9,-0.1
387,330,Rik Smits,C,26,IND,81,2072,14.8,.517,.000,.224,6.7,16.0,11.4,9.5,0.7,2.3,11.6,25.8,,1.1,1.6,2.7,.064,,-1.7,-1.4,-3.1,-0.6
391,332,Elmore Spencer,C,23,LAC,44,280,9.7,.541,.000,.390,6.6,18.0,12.3,3.9,1.4,4.1,21.3,17.9,,-0.2,0.4,0.2,.026,,-5.5,0.4,-5.2,-0.2
392,333,Felton Spencer,C,25,MIN,71,1296,8.2,.520,.000,.562,12.6,17.5,15.0,1.9,0.9,3.2,19.9,12.1,,0.1,0.9,1.1,.039,,-4.1,-0.5,-4.6,-0.9
410,346,LaSalle Thompson,C,31,IND,63,730,10.7,.515,.005,.183,8.4,18.3,13.4,6.6,2.0,2.1,17.0,16.1,,0.1,0.9,0.9,.061,,-3.0,0.6,-2.4,-0.1
428,361,Robert Werdann,C,22,DEN,28,149,7.7,.365,.017,.525,16.2,20.7,18.5,6.5,1.9,1.6,14.2,23.1,,-0.3,0.2,-0.1,-0.020,,-6.1,-1.0,-7.0,-0.2
430,363,Mark West,C,32,PHO,82,1558,11.4,.609,.000,.582,11.2,21.3,16.4,2.4,0.5,4.0,20.6,11.9,,1.2,2.2,3.4,.104,,-2.3,1.0,-1.3,0.3
440,371,Herb Williams,C,34,NYK,55,571,10.1,.429,.000,.120,8.8,19.3,14.2,4.9,1.9,3.3,10.7,15.6,,-0.3,1.4,1.1,.095,,-5.1,3.3,-1.8,0.0
441,372,Hot Rod Williams,C,30,CLE,67,2055,13.7,.535,.000,.529,7.4,15.4,11.6,10.1,1.2,3.1,14.4,17.4,,1.7,2.8,4.5,.105,,-1.4,1.9,0.5,1.3
446,376,Lorenzo Williams,C,23,CHH,2,18,5.7,.333,.000,.000,18.8,34.1,26.9,0.0,0.0,6.3,40.0,11.5,,0.0,0.0,0.0,-0.029,,-10.7,-2.0,-12.6,0.0
457,384,Joe Wolf,C,28,TOT,23,165,11.9,.519,.023,.364,9.1,23.2,15.9,4.2,2.1,0.4,12.1,14.5,,0.1,0.3,0.4,.118,,-3.6,-0.1,-3.7,-0.1
458,384,Joe Wolf,C,28,BOS,2,9,-4.7,.266,.000,2.000,12.7,24.9,18.9,0.0,0.0,6.9,51.5,18.7,,-0.1,0.0,-0.1,-0.273,,-16.9,-0.5,-17.4,0.0
459,384,Joe Wolf,C,28,POR,21,156,12.9,.529,.023,.326,8.8,23.1,15.8,4.5,2.2,0.0,9.2,14.3,,0.2,0.3,0.5,.140,,-2.8,-0.1,-2.9,0.0
