,Rk,Player,Pos,Age,Tm,G,MP,PER,TS%,3PAr,FTr,ORB%,DRB%,TRB%,AST%,STL%,BLK%,TOV%,USG%,Unnamed: 19,OWS,DWS,WS,WS/48,Unnamed: 24,OBPM,DBPM,BPM,VORP
8,7,Victor Alexander,C,24,GSW,69,1318,14.0,.539,.026,.257,9.5,15.7,12.6,7.3,1.0,1.5,13.3,20.2,,1.1,1.1,2.3,.083,,-1.3,-1.4,-2.8,-0.3
22,19,Isaac Austin,C,24,PHI,14,201,14.1,.473,.015,.348,13.6,24.1,18.8,13.2,1.2,3.0,18.3,20.1,,0.0,0.2,0.2,.040,,-3.1,0.7,-2.5,0.0
29,23,Vin Baker,C,22,MIL,82,2560,16.1,.526,.006,.473,11.8,16.3,13.9,10.6,1.2,3.0,13.4,20.5,,2.6,1.7,4.4,.082,,-0.3,0.3,0.0,1.3
34,28,Benoit Benjamin,C,29,NJN,77,1817,14.2,.525,.000,.363,7.7,21.5,14.5,3.8,1.0,3.1,12.4,18.1,,1.4,2.6,4.1,.107,,-2.8,0.4,-2.4,-0.2
41,35,Manute Bol,C,31,TOT,14,116,3.1,.211,.158,.000,2.9,14.6,8.7,1.1,0.9,8.8,20.8,8.9,,-0.3,0.1,-0.2,-0.066,,-10.4,2.4,-8.0,-0.2
42,35,Manute Bol,C,31,MIA,8,61,-3.4,.083,.250,.000,1.9,18.7,10.2,0.0,0.0,6.8,29.4,12.0,,-0.3,0.1,-0.3,-0.197,,-14.5,0.3,-14.1,-0.2
43,35,Manute Bol,C,31,WSB,2,6,10.7,,,,0.0,19.9,9.7,20.6,0.0,10.4,,0.0,,0.0,0.0,0.0,.104,,-6.2,5.5,-0.7,0.0
44,35,Manute Bol,C,31,PHI,4,49,10.2,.429,.000,.000,4.5,9.0,6.7,0.0,2.0,11.1,0.0,6.2,,0.0,0.1,0.1,.076,,-5.9,4.7,-1.2,0.0
48,39,Sam Bowie,C,32,LAL,25,556,13.6,.535,.023,.483,5.1,21.2,12.8,12.1,0.4,3.2,17.1,19.1,,0.4,0.4,0.8,.073,,-3.0,0.0,-3.1,-0.1
49,40,Shawn Bradley,C,21,PHI,49,1385,11.6,.446,.006,.342,7.7,16.5,12.1,11.1,1.6,6.4,20.8,22.4,,-2.7,1.6,-1.1,-0.039,,-5.4,2.9,-2.6,-0.2
52,42,Randy Breuer,C,33,SAC,26,247,5.4,.295,.038,.538,6.5,18.5,12.4,4.2,1.2,4.9,21.9,7.0,,-0.3,0.3,0.0,-0.007,,-7.1,3.1,-3.9,-0.1
53,43,Frank Brickowski,C,34,TOT,71,2094,14.3,.540,.027,.337,4.5,17.9,11.0,17.2,1.9,0.8,17.3,21.5,,1.0,1.7,2.7,.062,,-1.2,0.0,-1.2,0.4
54,43,Frank Brickowski,C,34,MIL,43,1441,14.7,.540,.035,.367,4.0,19.1,11.1,19.1,1.8,0.7,17.1,21.9,,0.8,1.1,1.9,.065,,-1.1,0.0,-1.1,0.3
55,43,Frank Brickowski,C,34,CHH,28,653,13.4,.541,.009,.270,5.6,15.3,10.6,13.0,2.1,1.0,17.7,20.7,,0.2,0.6,0.7,.055,,-1.5,0.2,-1.3,0.1
60,48,Mike Brown,C,30,MIN,82,1921,7.2,.479,.008,.454,7.4,19.6,13.6,5.4,1.3,1.0,19.4,8.8,,0.0,1.6,1.5,.038,,-3.7,1.1,-2.6,-0.3
61,49,P.J. Brown,C,24,NJN,79,1950,12.2,.480,.015,.378,10.0,16.8,13.3,6.7,1.8,3.0,13.3,11.7,,1.4,2.8,4.2,.105,,-1.7,3.0,1.3,1.6
63,51,Mark Bryant,C,28,POR,79,1441,9.9,.514,.003,.271,8.5,15.6,11.9,3.5,1.1,1.3,13.3,14.0,,0.9,1.4,2.3,.076,,-2.8,-0.2,-3.0,-0.4
70,58,Michael Cage,C,32,SEA,82,1708,11.9,.545,.003,.236,11.3,19.5,15.4,3.5,2.3,1.6,12.8,10.0,,1.9,3.0,4.9,.137,,-1.2,1.9,0.7,1.2
77,62,Bill Cartwright,C,36,CHI,42,780,10.1,.544,.000,.298,6.4,16.4,11.4,10.5,0.5,0.7,18.8,15.1,,0.4,0.9,1.3,.077,,-3.1,-0.1,-3.2,-0.2
79,64,Duane Causwell,C,25,SAC,41,674,11.8,.545,.000,.496,10.8,19.6,15.1,2.3,1.4,4.6,16.5,12.5,,0.4,0.8,1.2,.085,,-3.5,1.2,-2.3,0.0
91,74,Marty Conlon,C,26,TOT,30,579,15.0,.619,.012,.321,10.4,16.6,13.5,8.7,0.8,0.9,14.9,16.3,,1.2,0.3,1.4,.120,,0.5,-1.4,-1.0,0.2
92,74,Marty Conlon,C,26,CHH,16,378,16.7,.648,.009,.349,10.2,15.6,13.0,10.9,0.7,1.1,15.5,16.8,,0.9,0.2,1.1,.145,,1.6,-0.7,0.9,0.3
93,74,Marty Conlon,C,26,WSB,14,201,11.8,.559,.018,.268,10.9,18.4,14.5,4.5,1.0,0.3,13.8,15.5,,0.3,0.1,0.3,.073,,-1.8,-2.7,-4.5,-0.1
111,87,Brad Daugherty,C,28,CLE,50,1838,18.4,.566,.000,.538,8.1,24.1,16.1,12.9,1.2,1.3,12.8,21.0,,3.9,2.6,6.4,.168,,0.9,1.3,2.2,1.9
121,97,Bison Dele,C,24,DEN,80,1507,16.5,.574,.006,.455,10.5,22.0,16.4,5.2,1.6,3.6,15.7,18.7,,1.8,2.9,4.7,.151,,-1.4,1.4,0.0,0.8
123,99,Vlade Divac*,C,25,LAL,79,2685,18.8,.546,.053,.339,10.9,24.0,17.2,17.2,1.7,2.6,15.7,19.1,,4.2,3.2,7.4,.132,,1.5,2.3,3.8,3.9
126,101,Greg Dreiling,C,31,DAL,54,685,7.2,.547,.010,.365,7.2,21.8,13.9,6.5,1.2,2.4,26.3,10.1,,0.0,0.6,0.6,.040,,-4.9,0.9,-4.0,-0.4
128,103,Kevin Duckworth,C,29,WSB,69,1485,8.2,.457,.000,.299,8.0,17.8,12.8,5.5,1.2,1.5,16.8,17.3,,-1.1,0.6,-0.5,-0.017,,-4.5,-1.1,-5.7,-1.4
129,104,Chris Dudley,C,28,POR,6,86,6.8,.262,.000,.160,19.4,10.6,15.2,7.4,2.3,2.2,7.0,13.6,,-0.1,0.1,0.0,.022,,-3.0,1.6,-1.5,0.0
131,106,Acie Earl,C,23,BOS,74,1149,9.2,.463,.003,.430,8.3,16.0,12.1,1.5,1.0,2.9,14.0,19.4,,-0.7,0.9,0.2,.008,,-5.4,-1.7,-7.1,-1.5
135,110,James Edwards,C,38,LAL,45,469,9.1,.518,.000,.470,2.4,13.0,7.5,7.0,0.4,0.4,12.9,20.9,,0.1,0.1,0.3,.028,,-4.3,-3.8,-8.1,-0.7
143,118,LeRon Ellis,C,24,CHH,50,680,13.5,.521,.000,.374,11.7,18.6,15.3,4.9,1.2,2.3,9.0,14.6,,1.0,0.6,1.6,.111,,-1.4,-0.3,-1.7,0.0
144,119,Pervis Ellison,C,26,WSB,47,1178,10.7,.514,.010,.332,7.5,16.7,12.0,8.6,1.1,2.7,17.9,14.9,,0.3,0.5,0.7,.030,,-2.6,0.4,-2.1,0.0
147,121,Patrick Ewing*,C,31,NYK,79,2972,22.9,.551,.009,.387,8.5,24.9,16.9,11.3,1.6,5.1,12.9,29.8,,5.1,8.0,13.1,.211,,0.5,3.9,4.5,4.9
158,132,Chad Gallagher,C,24,UTA,2,3,66.8,1.000,.000,.000,0.0,0.0,0.0,0.0,0.0,0.0,0.0,44.2,,0.1,0.0,0.1,1.442,,28.4,-12.1,16.3,0.0
160,134,Chris Gatling,C,26,GSW,82,1296,18.7,.607,.002,.451,12.2,20.8,16.6,4.7,1.5,3.0,13.2,20.3,,2.8,1.7,4.5,.168,,0.1,-0.8,-0.7,0.4
163,137,Matt Geiger,C,24,MIA,72,1199,16.7,.624,.014,.423,11.2,17.5,14.3,4.2,1.5,1.7,12.7,17.2,,3.1,1.4,4.5,.179,,0.7,-0.9,-0.1,0.6
166,140,Mike Gminski,C,34,TOT,29,309,9.9,.388,.000,.175,8.1,18.6,13.3,4.9,2.1,3.2,10.5,17.1,,-0.3,0.4,0.0,.002,,-6.0,-0.1,-6.1,-0.3
167,140,Mike Gminski,C,34,CHH,21,255,11.6,.429,.000,.177,8.5,16.9,12.8,5.9,2.5,3.1,11.4,16.1,,-0.1,0.3,0.2,.040,,-4.0,1.3,-2.7,0.0
168,140,Mike Gminski,C,34,MIL,8,54,2.0,.252,.000,.167,6.0,27.0,16.0,0.0,0.0,3.8,7.2,22.2,,-0.2,0.0,-0.2,-0.176,,-15.4,-6.5,-21.8,-0.3
184,153,Andrés Guibert,C,25,MIN,5,33,6.1,.331,.000,.300,36.4,20.8,28.4,10.5,0.0,1.9,20.9,37.9,,-0.2,0.0,-0.2,-0.243,,-7.5,-4.8,-12.3,-0.1
185,154,Jay Guidinger,C,24,CLE,32,131,10.4,.570,.000,.656,13.3,16.0,14.6,3.4,1.6,2.5,28.0,19.6,,-0.1,0.2,0.1,.042,,-4.7,-0.7,-5.3,-0.1
187,156,Geert Hammink,C,24,ORL,1,3,20.0,.333,.000,.000,37.8,0.0,18.7,64.9,0.0,0.0,0.0,42.7,,0.0,0.0,0.0,.101,,15.6,1.4,17.0,0.0
198,164,Scott Haskin,C,23,IND,27,186,11.3,.515,.000,.422,11.0,22.8,17.1,4.7,0.6,5.5,19.6,15.7,,0.0,0.3,0.3,.087,,-4.4,1.5,-2.9,0.0
205,171,Donald Hodge,C,24,DAL,50,428,13.1,.549,.000,.515,11.2,13.9,12.5,11.2,1.8,2.1,19.5,15.2,,0.5,0.3,0.8,.087,,-1.8,0.2,-1.6,0.0
206,172,Tito Horford,C,28,WSB,3,28,1.8,.000,.000,.000,4.1,8.5,6.3,0.0,1.8,6.7,33.3,4.6,,-0.1,0.0,0.0,-0.073,,-9.1,3.1,-6.1,0.0
231,192,Ervin Johnson,C,26,SEA,45,280,16.1,.463,.000,.434,20.3,29.7,25.0,3.6,1.8,5.6,16.0,23.0,,0.0,0.7,0.7,.114,,-4.6,0.2,-4.4,-0.2
235,196,Charles Jones,C,36,DET,42,877,8.7,.489,.013,.436,11.1,18.7,14.8,4.3,0.8,3.2,11.4,5.2,,0.9,0.6,1.5,.083,,-2.7,2.3,-0.4,0.4
250,208,Rich King,C,24,SEA,27,78,12.9,.469,.029,.647,13.6,16.8,15.2,15.7,0.6,1.8,13.8,27.8,,0.0,0.1,0.1,.070,,-2.2,-1.9,-4.0,0.0
251,209,Stacey King,C,27,TOT,49,1053,11.6,.480,.006,.399,10.1,16.6,13.4,8.3,1.5,2.6,17.2,20.2,,-0.4,1.3,0.9,.041,,-3.5,0.6,-2.9,-0.2
252,209,Stacey King,C,27,CHI,31,537,10.4,.443,.012,.310,10.9,17.9,14.4,10.5,1.8,1.5,18.1,19.6,,-0.4,0.9,0.4,.040,,-4.1,1.0,-3.1,-0.1
253,209,Stacey King,C,27,MIN,18,516,12.9,.516,.000,.488,9.3,15.3,12.4,6.1,1.3,3.7,16.2,20.9,,0.0,0.4,0.4,.042,,-2.8,0.2,-2.6,-0.1
254,210,Greg Kite,C,32,ORL,29,309,2.2,.380,.000,.629,8.1,17.3,12.7,1.6,0.3,2.4,27.6,8.5,,-0.4,0.3,-0.1,-0.018,,-6.6,-0.1,-6.6,-0.4
255,211,Joe Kleine,C,32,PHO,74,848,11.2,.522,.043,.152,6.7,18.8,12.8,7.3,0.8,1.4,11.4,15.2,,0.8,0.8,1.6,.089,,-2.5,-0.9,-3.4,-0.3
259,213,Jon Koncak,C,30,ATL,82,1823,9.9,.444,.008,.098,5.0,17.1,11.0,7.6,1.8,4.5,10.3,10.1,,0.4,3.4,3.8,.101,,-3.8,4.3,0.5,1.2
263,217,Bill Laimbeer,C,36,DET,11,248,15.6,.564,.100,.144,4.0,21.3,12.5,9.2,1.2,1.0,9.5,18.7,,0.4,0.2,0.5,.106,,-1.1,-0.9,-1.9,0.0
264,218,Andrew Lang,C,27,ATL,82,1608,11.0,.499,.009,.231,8.6,12.8,10.7,4.6,1.2,3.5,13.8,15.6,,0.5,2.4,2.9,.087,,-3.2,1.3,-1.9,0.0
265,219,Eric Leckner,C,27,PHI,71,1163,10.4,.527,.007,.455,7.1,19.6,13.3,11.1,0.8,1.8,20.0,16.0,,0.1,0.8,0.9,.036,,-3.7,-0.1,-3.8,-0.5
279,227,Luc Longley,C,25,TOT,76,1502,13.5,.508,.002,.269,10.2,23.4,16.9,11.3,1.5,3.4,18.6,18.7,,0.0,2.2,2.2,.071,,-2.9,1.8,-1.1,0.3
280,227,Luc Longley,C,25,MIN,49,989,12.6,.500,.003,.277,10.6,24.1,17.5,7.5,1.8,3.8,19.6,17.8,,-0.4,1.3,0.9,.043,,-3.7,1.8,-1.9,0.0
281,227,Luc Longley,C,25,CHI,27,513,15.2,.521,.000,.256,9.6,21.9,15.7,18.8,1.0,2.8,17.0,20.3,,0.5,0.9,1.3,.125,,-1.3,1.8,0.5,0.3
283,229,Malcolm Mackey,C,23,PHO,22,69,12.6,.395,.054,.216,19.8,19.4,19.6,2.2,0.0,2.7,4.7,25.8,,0.0,0.1,0.1,.036,,-4.7,-5.9,-10.7,-0.2
295,237,Moses Malone*,C,38,PHI,55,618,17.7,.519,.004,.504,18.8,21.4,20.1,8.9,0.9,1.7,17.2,24.1,,0.6,0.5,1.0,.078,,-1.5,-2.0,-3.5,-0.2
300,240,Bob Martin,C,24,LAC,53,535,6.9,.503,.000,.580,7.2,15.9,11.6,4.1,0.7,3.7,20.8,10.8,,-0.1,0.4,0.3,.030,,-5.2,0.7,-4.5,-0.3
311,250,Oliver Miller,C,23,PHO,69,1786,18.2,.617,.020,.301,8.9,21.0,15.0,19.1,2.3,5.5,24.1,16.0,,2.2,3.1,5.3,.142,,0.7,4.9,5.6,3.4
318,257,Darren Morningstar,C,24,TOT,23,367,8.9,.504,.000,.366,8.8,16.5,12.4,6.1,1.9,0.4,16.6,13.2,,0.1,0.3,0.4,.048,,-3.3,-0.4,-3.7,-0.2
319,257,Darren Morningstar,C,24,DAL,22,363,8.8,.499,.000,.370,8.9,16.4,12.4,6.2,2.0,0.4,16.8,13.2,,0.1,0.3,0.3,.045,,-3.3,-0.4,-3.7,-0.2
320,257,Darren Morningstar,C,24,UTA,1,4,19.4,1.000,.000,.000,0.0,28.5,14.4,0.0,0.0,0.0,0.0,11.1,,0.0,0.0,0.0,.247,,1.1,-5.1,-4.0,0.0
322,259,Alonzo Mourning*,C,23,CHH,60,2018,21.7,.588,.002,.672,10.0,23.0,16.7,6.6,0.7,5.7,15.4,27.3,,3.8,2.5,6.3,.151,,-0.1,0.6,0.5,1.3
326,262,Gheorghe Mureșan,C,22,WSB,54,650,17.4,.571,.000,.302,11.7,23.1,17.3,4.5,2.2,4.6,16.9,21.2,,0.6,0.7,1.3,.094,,-2.1,0.0,-2.2,0.0
332,266,Dikembe Mutombo*,C,27,DEN,82,2853,17.9,.590,.002,.684,11.5,25.8,18.9,6.6,1.0,7.4,19.8,15.6,,2.9,6.4,9.4,.158,,-0.9,5.2,4.2,4.5
335,269,Chuck Nevitt,C,34,SAS,1,1,46.0,.568,,,100.0,0.0,56.3,0.0,0.0,0.0,27.5,100.0,,0.0,0.0,0.0,-0.174,,0.8,-29.3,-28.5,0.0
340,272,Shaquille O'Neal*,C,21,ORL,81,3224,28.5,.605,.001,.534,13.5,23.7,18.7,11.0,1.2,4.5,10.2,29.0,,12.1,4.8,16.9,.252,,5.4,1.2,6.6,7.1
341,273,Dan O'Sullivan,C,25,DET,13,56,6.6,.492,.000,1.000,3.9,16.1,9.9,7.3,0.0,0.0,14.8,15.9,,0.0,0.0,0.0,.017,,-5.6,-2.9,-8.5,-0.1
343,275,Hakeem Olajuwon*,C,31,HOU,80,3277,25.3,.565,.011,.320,8.2,23.3,16.2,16.4,2.0,5.7,12.3,29.8,,6.4,7.9,14.3,.210,,2.2,4.7,7.0,7.4
354,282,Robert Parish*,C,40,BOS,74,1987,16.1,.530,.000,.287,8.0,22.9,15.4,6.3,1.1,3.0,11.7,20.2,,1.8,2.1,4.0,.095,,-1.6,0.4,-1.2,0.4
358,286,Mike Peplowski,C,23,SAC,55,667,9.6,.549,.007,.312,7.9,20.1,13.8,5.2,1.3,2.4,17.5,12.3,,0.3,0.7,0.9,.066,,-3.7,0.6,-3.1,-0.2
359,287,Will Perdue,C,28,CHI,43,397,9.8,.464,.009,.286,11.8,25.4,18.6,12.2,1.1,1.9,25.0,18.7,,-0.4,0.7,0.2,.030,,-5.3,1.2,-4.1,-0.2
364,292,Richard Petruška,C,25,HOU,22,92,12.3,.535,.326,.174,11.5,25.2,18.7,1.8,1.1,2.0,23.2,31.0,,-0.2,0.2,0.0,-0.014,,-6.6,-4.2,-10.8,-0.2
369,297,Olden Polynice,C,29,TOT,68,2402,14.9,.529,.003,.289,13.4,23.8,18.5,2.6,0.9,1.8,9.5,14.8,,3.1,2.0,5.1,.102,,-1.3,-0.6,-1.9,0.1
370,297,Olden Polynice,C,29,DET,37,1350,15.9,.544,.002,.227,12.0,25.6,18.7,2.6,0.9,1.7,9.9,16.1,,1.7,1.2,2.9,.102,,-1.3,-0.7,-2.1,0.0
371,297,Olden Polynice,C,29,SAC,31,1052,13.7,.506,.004,.387,15.3,21.4,18.3,2.6,0.8,1.9,8.8,13.2,,1.4,0.9,2.2,.102,,-1.2,-0.4,-1.7,0.1
384,309,Eric Riley,C,23,HOU,47,219,13.4,.510,.014,.529,12.9,16.8,15.0,6.3,1.2,2.6,14.8,20.5,,0.1,0.4,0.4,.097,,-3.6,-0.2,-3.7,-0.1
386,311,Stanley Roberts,C,23,LAC,14,350,8.5,.436,.000,.440,8.3,19.9,14.1,4.4,0.8,4.3,16.7,16.9,,-0.5,0.4,-0.1,-0.014,,-6.0,0.6,-5.3,-0.3
387,312,Clifford Robinson,C,27,POR,82,2853,17.4,.513,.038,.328,6.0,15.4,10.5,8.9,2.0,2.5,9.5,25.4,,3.7,3.7,7.5,.126,,0.0,0.6,0.6,1.9
388,313,David Robinson*,C,28,SAS,80,3241,30.7,.577,.017,.558,8.8,20.3,14.8,21.6,2.3,5.4,10.9,32.0,,13.3,6.7,20.0,.296,,6.8,4.2,10.9,10.6
396,319,Tree Rollins,C,38,ORL,45,384,11.4,.574,.000,.566,9.7,18.2,14.0,3.0,0.9,5.7,16.4,8.8,,0.4,0.5,0.9,.113,,-2.9,2.1,-0.8,0.1
397,320,Sean Rooks,C,24,DAL,47,1255,14.6,.552,.003,.534,7.0,16.9,11.6,6.3,0.9,2.4,14.1,19.1,,1.4,0.7,2.2,.083,,-1.9,-0.9,-2.8,-0.3
402,324,Danny Schayes,C,34,TOT,36,363,7.4,.433,.000,.381,9.1,15.6,12.2,5.0,1.4,1.8,19.0,14.3,,-0.2,0.2,0.0,-0.001,,-5.9,-0.8,-6.6,-0.4
403,324,Danny Schayes,C,34,MIL,23,230,6.3,.440,.000,.478,7.6,15.3,11.2,3.1,1.1,2.3,20.1,13.1,,-0.2,0.1,0.0,-0.007,,-6.8,-0.9,-7.7,-0.3
404,324,Danny Schayes,C,34,LAL,13,133,9.3,.425,.000,.263,11.7,16.2,13.9,8.3,1.9,0.9,17.5,16.3,,-0.1,0.1,0.0,.011,,-4.3,-0.6,-4.8,-0.1
405,325,Steve Scheffler,C,26,SEA,35,152,17.7,.684,.000,.435,8.6,11.7,10.1,6.0,2.3,0.0,12.7,17.7,,0.5,0.2,0.7,.228,,1.5,-1.5,0.0,0.1
406,326,Dwayne Schintzius,C,25,NJN,30,319,7.8,.372,.000,.202,8.4,21.2,14.7,5.8,1.1,3.3,12.4,13.8,,-0.3,0.5,0.2,.029,,-5.8,1.4,-4.4,-0.2
411,331,Rony Seikaly,C,28,MIA,72,2410,17.1,.550,.002,.526,11.5,23.4,17.4,8.8,1.3,2.9,16.5,21.2,,3.3,3.4,6.7,.133,,-0.2,1.3,1.1,1.9
426,343,Rik Smits,C,27,IND,78,2113,19.7,.580,.001,.325,7.7,18.4,13.2,13.0,1.2,2.6,12.5,25.0,,4.7,3.0,7.8,.177,,1.7,0.6,2.3,2.3
430,345,Elmore Spencer,C,24,LAC,76,1930,10.7,.550,.004,.300,5.3,17.4,11.4,5.6,0.7,4.0,21.6,16.7,,-1.0,1.6,0.6,.016,,-4.3,0.9,-3.4,-0.7
431,346,Felton Spencer,C,26,UTA,79,2210,11.7,.540,.000,.536,12.5,21.8,17.2,2.8,1.0,2.1,16.9,15.1,,1.4,3.2,4.7,.102,,-2.0,0.9,-1.2,0.5
440,355,Kevin Thompson,C,22,POR,14,58,4.9,.437,.071,.143,12.6,11.8,12.2,6.9,0.0,2.2,25.2,14.0,,-0.1,0.0,0.0,-0.016,,-4.9,-0.6,-5.6,-0.1
441,356,LaSalle Thompson,C,32,IND,30,282,6.1,.388,.000,.390,11.1,19.4,15.4,8.0,1.8,1.9,20.3,17.6,,-0.5,0.5,0.0,-0.005,,-5.7,1.0,-4.7,-0.2
448,362,Keith Tower,C,23,ORL,11,32,5.5,.444,.000,.000,0.0,20.8,10.5,4.3,0.0,0.0,0.0,12.0,,0.0,0.0,0.0,.051,,-5.8,-2.7,-8.6,-0.1
456,370,Chris Webber,C,20,GSW,76,2438,21.7,.559,.014,.342,13.8,17.0,15.4,17.1,1.8,4.1,14.7,23.7,,4.6,3.2,7.8,.154,,2.9,2.4,5.3,4.5
457,371,Bill Wennington,C,30,CHI,76,1371,14.0,.520,.004,.183,10.0,20.2,15.1,7.9,1.6,1.5,12.6,19.2,,1.3,2.3,3.5,.124,,-1.9,0.4,-1.5,0.2
458,372,Matt Wenstrom,C,23,BOS,11,37,15.6,.625,.000,1.000,18.2,18.4,18.3,0.0,0.0,3.4,21.7,21.6,,0.0,0.0,0.1,.098,,-3.5,-6.1,-9.6,-0.1
461,375,Mark West,C,33,PHO,82,1236,12.3,.567,.000,.406,10.3,16.5,13.4,3.6,1.2,5.5,18.0,13.9,,0.8,1.6,2.4,.094,,-2.4,1.7,-0.7,0.4
476,385,Herb Williams,C,35,NYK,70,774,10.4,.463,.004,.180,8.4,18.1,13.3,5.6,1.2,3.9,13.4,16.4,,-0.2,1.7,1.6,.098,,-4.9,2.6,-2.3,-0.1
487,393,Scott Williams,C,25,CHI,38,638,15.4,.518,.021,.415,12.6,20.6,16.6,9.5,1.3,2.3,13.6,22.4,,0.6,1.1,1.7,.125,,-1.4,0.2,-1.2,0.1
500,403,Luther Wright,C,22,UTA,15,92,-0.4,.384,.043,.174,7.6,4.9,6.3,0.0,0.6,1.5,19.5,14.8,,-0.2,0.1,-0.1,-0.064,,-7.6,-2.4,-10.1,-0.2
