,Rk,Player,Pos,Age,Tm,G,MP,PER,TS%,3PAr,FTr,ORB%,DRB%,TRB%,AST%,STL%,BLK%,TOV%,USG%,Unnamed: 19,OWS,DWS,WS,WS/48,Unnamed: 24,OBPM,DBPM,BPM,VORP
7,6,Victor Alexander,C,25,GSW,50,1237,12.8,.530,.056,.134,7.7,18.4,13.0,7.8,1.1,1.6,13.8,18.8,,0.3,0.8,1.1,.044,,-2.4,-0.3,-2.7,-0.2
8,7,Derrick Alston,C,22,PHI,64,1032,11.6,.481,.016,.465,11.0,13.8,12.4,5.1,2.0,2.5,14.6,15.7,,0.0,1.0,1.0,.045,,-2.9,0.5,-2.4,-0.1
27,25,Benoit Benjamin,C,30,NJN,61,1598,13.9,.555,.000,.330,6.4,23.7,15.1,4.2,0.7,2.8,17.1,20.1,,0.1,2.1,2.2,.066,,-4.2,0.0,-4.3,-0.9
37,33,Manute Bol,C,32,GSW,5,81,9.5,.750,.500,.000,1.4,15.2,8.2,0.0,0.0,7.6,9.1,5.7,,0.1,0.1,0.1,.083,,-3.9,0.8,-3.0,0.0
43,37,Sam Bowie,C,33,LAL,67,1225,10.4,.500,.041,.333,6.5,19.5,13.0,13.2,0.9,4.5,22.9,14.0,,-0.3,1.4,1.1,.044,,-4.2,2.3,-1.9,0.0
44,38,Shawn Bradley,C,22,PHI,82,2365,14.8,.489,.004,.335,11.9,20.7,16.2,3.7,1.2,8.5,15.2,17.7,,-0.1,3.6,3.5,.071,,-3.6,3.4,-0.2,1.1
53,44,Mike Brown,C,31,MIN,27,213,1.8,.337,.025,.675,5.2,20.5,13.0,7.1,1.7,0.0,23.6,14.6,,-0.6,0.2,-0.4,-0.097,,-9.2,-0.7,-9.9,-0.4
54,45,P.J. Brown,C,25,NJN,80,2466,12.1,.492,.042,.363,7.9,13.7,10.8,8.6,1.5,3.8,10.8,13.2,,1.7,2.9,4.6,.090,,-1.7,3.0,1.3,2.0
61,52,Michael Cage,C,33,CLE,82,2040,13.5,.537,.006,.259,12.1,22.8,17.3,4.5,1.7,2.6,12.9,10.2,,2.1,3.7,5.8,.137,,-2.0,3.1,1.1,1.6
65,56,Antoine Carr,C,33,UTA,78,1677,13.9,.588,.007,.368,6.4,13.0,9.9,6.2,0.7,3.3,12.1,19.5,,2.4,1.9,4.3,.123,,-0.6,0.5,-0.1,0.8
66,57,Bill Cartwright,C,37,SEA,29,430,4.0,.434,.000,.348,7.0,16.8,12.0,3.0,0.7,0.5,18.5,9.8,,-0.2,0.4,0.2,.021,,-5.0,-0.5,-5.5,-0.4
68,59,Duane Causwell,C,26,SAC,58,820,11.4,.550,.007,.667,8.3,16.3,12.4,2.7,0.9,7.3,14.8,12.1,,0.5,1.3,1.8,.105,,-3.7,3.5,-0.3,0.4
80,70,Marty Conlon,C,27,MIL,82,2064,13.6,.556,.045,.300,9.1,16.0,12.4,9.0,1.1,0.6,14.4,18.3,,2.0,1.2,3.1,.073,,-0.9,-1.0,-1.9,0.1
91,79,Yinka Dare,C,22,NJN,1,3,-33.9,.000,.000,.000,0.0,36.6,18.2,0.0,0.0,0.0,50.0,29.3,,-0.1,0.0,0.0,-0.736,,-33.8,-5.5,-39.3,0.0
102,89,Bison Dele,C,25,DEN,63,1261,13.9,.616,.000,.486,9.6,18.5,14.2,6.8,1.6,2.5,22.0,18.5,,0.8,1.5,2.3,.089,,-1.6,0.7,-0.8,0.4
103,90,Vlade Divac*,C,26,LAL,80,2807,20.5,.568,.055,.399,10.3,22.4,16.3,18.0,2.0,4.3,15.4,20.4,,5.3,4.2,9.5,.162,,1.7,3.6,5.3,5.1
104,91,James Donaldson,C,37,UTA,43,613,7.9,.628,.000,.419,4.1,17.1,10.9,3.1,0.5,3.7,20.1,8.1,,0.3,0.7,1.0,.080,,-2.7,2.2,-0.5,0.2
106,93,Greg Dreiling,C,32,CLE,58,483,7.8,.458,.000,.402,8.0,22.4,15.0,7.5,0.7,3.6,17.2,14.4,,-0.2,0.8,0.6,.059,,-5.9,1.9,-4.0,-0.2
110,95,Kevin Duckworth,C,30,WSB,40,818,9.9,.475,.037,.262,8.9,19.0,13.7,3.7,1.3,2.1,16.5,19.1,,-0.7,0.7,0.0,-0.002,,-5.2,-1.0,-6.2,-0.9
111,96,Chris Dudley,C,29,POR,82,2245,10.9,.424,.002,.410,15.6,23.2,19.2,2.1,1.0,4.2,13.3,11.4,,0.4,3.7,4.1,.087,,-3.4,2.2,-1.2,0.5
118,102,Acie Earl,C,24,BOS,30,208,6.6,.409,.000,.426,10.4,14.6,12.5,1.4,1.5,2.6,14.8,19.7,,-0.4,0.2,-0.2,-0.038,,-6.8,-1.9,-8.7,-0.4
123,105,James Edwards,C,39,POR,28,266,5.4,.414,.000,.205,4.1,14.7,9.1,4.3,1.0,2.2,13.4,16.6,,-0.3,0.3,0.0,.002,,-6.9,-0.1,-7.1,-0.3
134,114,Pervis Ellison,C,27,BOS,55,1083,13.3,.546,.007,.330,13.0,20.0,16.4,4.7,1.0,3.4,18.1,16.8,,0.7,1.1,1.8,.080,,-2.0,0.6,-1.3,0.2
136,116,Patrick Ewing*,C,32,NYK,79,2920,21.9,.555,.014,.386,6.6,27.5,17.4,14.4,1.2,4.1,13.1,30.7,,3.1,6.5,9.6,.157,,-0.7,2.9,2.2,3.1
139,119,Matt Fish,C,25,LAC,26,370,10.6,.516,.010,.359,9.6,17.7,13.4,7.2,2.2,1.4,19.0,17.3,,-0.1,0.3,0.2,.030,,-3.8,0.1,-3.7,-0.2
153,130,Matt Geiger,C,25,MIA,74,1712,12.9,.563,.021,.295,9.8,18.7,14.1,5.0,1.2,2.3,17.1,17.1,,1.1,1.7,2.7,.077,,-2.0,0.1,-1.8,0.1
173,146,Geert Hammink,C,25,ORL,1,7,20.1,.515,.000,.667,0.0,31.7,16.3,19.7,0.0,0.0,0.0,23.8,,0.0,0.0,0.0,.258,,-1.4,-2.6,-4.1,0.0
191,163,Tyrone Hill,C,26,CLE,70,2397,16.8,.554,.001,.572,13.6,26.7,19.9,4.2,1.3,1.4,14.8,20.4,,2.7,4.2,6.9,.138,,-1.5,0.4,-1.1,0.5
192,164,Donald Hodge,C,25,DAL,54,633,8.5,.461,.069,.250,6.5,14.8,10.4,9.5,0.8,1.5,14.7,17.3,,-0.1,0.4,0.3,.026,,-4.3,-0.9,-5.2,-0.5
209,179,Ervin Johnson,C,27,SEA,64,907,9.6,.469,.005,.240,13.5,24.2,18.9,2.4,0.9,5.7,20.3,12.7,,-0.2,1.5,1.3,.067,,-4.8,1.7,-3.1,-0.3
224,193,Rich King,C,25,SEA,2,6,-19.8,.000,.000,1.000,0.0,0.0,0.0,0.0,0.0,0.0,0.0,20.8,,-0.1,0.0,-0.1,-0.499,,-20.2,-6.2,-26.3,0.0
226,195,Greg Kite,C,33,TOT,11,77,-3.2,.187,.000,.588,19.2,15.3,17.2,1.8,0.0,0.0,21.9,16.3,,-0.3,0.1,-0.3,-0.163,,-10.3,-3.2,-13.5,-0.2
227,195,Greg Kite,C,33,NYK,2,16,-5.4,.000,.000,.000,15.2,14.2,14.7,0.0,0.0,0.0,25.0,11.5,,-0.1,0.0,-0.1,-0.175,,-13.5,-3.3,-16.7,-0.1
228,195,Greg Kite,C,33,IND,9,61,-2.6,.217,.000,.714,20.2,15.5,17.8,2.3,0.0,0.0,21.4,17.6,,-0.3,0.1,-0.2,-0.160,,-9.5,-3.2,-12.6,-0.2
229,196,Joe Kleine,C,33,PHO,75,968,9.8,.489,.008,.185,9.7,21.1,15.4,5.6,0.7,1.4,10.9,14.4,,0.6,0.8,1.4,.068,,-3.3,-0.8,-4.1,-0.5
233,198,Jon Koncak,C,31,ATL,62,943,9.5,.453,.193,.128,2.8,20.4,11.4,8.2,2.0,3.7,9.2,10.5,,0.1,1.8,1.8,.094,,-4.6,3.5,-1.2,0.2
237,201,Christian Laettner,C,25,MIN,81,2770,17.7,.580,.043,.543,7.3,19.7,13.6,15.5,1.9,2.4,16.5,22.5,,3.6,2.6,6.2,.108,,0.5,1.3,1.8,2.7
238,202,Andrew Lang,C,28,ATL,82,2340,13.1,.523,.004,.278,7.5,15.4,11.3,5.0,1.0,4.6,12.4,16.8,,1.4,3.4,4.9,.100,,-3.2,2.1,-1.1,0.5
240,204,Eric Leckner,C,28,DET,57,623,12.2,.572,.012,.436,8.8,24.0,16.3,3.5,1.2,1.8,16.5,17.0,,0.4,0.5,0.9,.069,,-4.3,-2.0,-6.2,-0.7
245,209,Alton Lister,C,36,MIL,60,776,10.2,.507,.007,.522,10.1,27.0,18.3,2.3,1.1,5.5,18.7,11.6,,0.0,1.0,1.0,.062,,-5.5,1.4,-4.0,-0.4
250,212,Luc Longley,C,26,CHI,55,1001,12.3,.513,.007,.354,9.7,21.3,15.5,10.9,1.3,3.4,19.8,19.3,,0.0,1.8,1.8,.087,,-3.7,2.0,-1.7,0.1
261,222,Moses Malone*,C,39,SAS,17,149,12.1,.499,.057,.914,16.0,18.8,17.5,5.5,0.7,1.4,18.3,17.7,,0.1,0.2,0.3,.088,,-2.8,-0.6,-3.5,-0.1
267,226,Bob Martin,C,25,LAC,1,14,3.3,.200,.000,.000,15.8,0.0,8.4,10.2,0.0,5.2,0.0,15.5,,0.0,0.0,0.0,-0.107,,-6.3,-0.7,-7.1,0.0
271,230,Tony Massenburg,C,27,LAC,80,2127,11.7,.526,.005,.391,8.3,17.5,12.6,4.9,1.1,2.0,14.3,16.8,,0.8,1.4,2.2,.049,,-3.1,-0.3,-3.4,-0.8
276,235,Jim McIlvaine,C,22,WSB,55,534,10.0,.539,.000,.577,8.3,14.5,11.3,2.5,1.0,7.9,17.6,8.8,,0.3,0.6,0.8,.074,,-4.3,3.3,-1.1,0.1
290,248,Eric Mobley,C,24,MIL,46,587,14.3,.593,.015,.341,10.9,20.7,15.7,5.7,0.7,3.4,13.7,13.3,,0.8,0.5,1.3,.107,,-1.9,0.2,-1.7,0.0
291,249,Eric Montross,C,23,BOS,78,2315,12.1,.565,.002,.457,9.6,18.7,14.1,2.3,0.6,1.8,14.0,15.0,,2.3,1.8,4.1,.084,,-1.6,-0.6,-2.2,-0.1
294,252,Alonzo Mourning*,C,24,CHH,77,2941,20.1,.593,.031,.585,8.4,21.6,15.3,6.6,0.9,5.5,14.8,25.6,,4.3,5.1,9.4,.153,,-0.8,2.1,1.3,2.5
297,255,Gheorghe Mureșan,C,23,WSB,73,1720,17.4,.591,.000,.323,11.6,21.4,16.3,3.5,1.4,5.2,15.7,18.6,,2.1,2.1,4.1,.116,,-1.7,1.0,-0.7,0.5
302,258,Dikembe Mutombo*,C,28,DEN,82,3100,17.0,.595,.000,.604,12.7,26.7,19.9,5.5,0.7,7.5,19.5,14.4,,3.5,5.2,8.7,.135,,-0.9,4.4,3.5,4.3
308,263,Julius Nwosu,C,23,SAS,23,84,6.8,.437,.000,.607,15.6,16.7,16.2,5.0,0.0,2.5,20.2,23.3,,-0.1,0.1,0.0,-0.009,,-6.7,-1.9,-8.6,-0.1
309,264,Shaquille O'Neal*,C,22,ORL,79,2923,28.6,.588,.003,.536,13.3,21.7,17.6,13.3,1.3,4.5,9.4,31.9,,9.6,4.4,14.0,.230,,4.5,0.9,5.4,5.4
311,266,Hakeem Olajuwon*,C,32,HOU,72,2853,26.0,.563,.010,.348,7.3,23.1,15.6,17.2,2.4,5.9,11.7,31.7,,5.1,5.6,10.7,.181,,1.3,4.0,5.3,5.3
317,272,Robert Parish*,C,41,CHH,81,1352,10.1,.467,.000,.272,8.5,21.5,15.3,5.0,1.1,1.9,13.7,16.5,,-0.6,2.0,1.4,.051,,-5.2,0.5,-4.7,-0.9
320,275,Mike Peplowski,C,24,DET,6,21,15.2,.935,.000,.400,5.5,11.2,8.4,8.9,2.5,0.0,25.4,16.8,,0.0,0.0,0.1,.142,,2.2,-2.0,0.2,0.0
321,276,Will Perdue,C,29,CHI,78,1592,16.3,.570,.002,.423,15.7,23.0,19.4,8.8,0.9,2.7,17.6,18.5,,2.0,2.7,4.7,.142,,-0.8,1.1,0.4,0.9
322,277,Sam Perkins,C,33,SEA,82,2356,16.2,.606,.462,.363,4.9,14.9,10.0,8.3,1.5,1.5,8.2,17.2,,5.9,2.6,8.5,.173,,2.8,-0.2,2.6,2.7
334,288,Olden Polynice,C,30,SAC,81,2534,14.7,.565,.001,.281,13.0,20.2,16.7,4.0,1.0,1.5,12.7,15.6,,3.3,3.4,6.7,.126,,-0.6,0.6,0.0,1.3
351,302,Eric Riley,C,24,LAC,40,434,14.7,.511,.007,.441,11.5,19.4,15.2,4.1,2.0,5.9,15.2,20.5,,0.0,0.5,0.6,.063,,-4.3,1.0,-3.3,-0.1
357,306,David Robinson*,C,29,SAS,81,3074,29.1,.602,.013,.570,9.1,22.6,16.2,13.7,2.2,5.9,11.1,29.9,,10.7,6.7,17.5,.273,,4.1,4.3,8.4,8.1
361,310,Carlos Rogers,C,23,GSW,49,1017,14.3,.542,.041,.429,11.7,18.7,15.1,5.8,1.1,3.5,17.2,20.3,,0.1,0.8,0.9,.045,,-2.8,0.1,-2.6,-0.2
363,312,Tree Rollins,C,39,ORL,51,478,7.0,.548,.000,.738,7.7,14.9,11.4,2.3,0.7,5.1,29.2,7.1,,0.0,0.6,0.5,.054,,-4.2,2.0,-2.2,0.0
364,313,Sean Rooks,C,25,MIN,80,2405,12.6,.555,.008,.620,8.5,16.2,12.4,6.9,0.6,2.2,15.4,17.6,,1.9,1.1,3.0,.060,,-2.2,-0.5,-2.7,-0.4
367,316,Clifford Rozier,C,22,GSW,66,1494,11.5,.490,.018,.390,14.7,21.4,18.0,4.4,1.1,1.8,16.3,15.4,,0.1,1.2,1.3,.043,,-3.0,-0.1,-3.2,-0.4
370,319,John Salley,C,30,MIA,75,1955,11.4,.563,.000,.524,6.5,13.8,10.1,9.1,1.2,3.3,16.6,13.2,,1.9,1.7,3.6,.089,,-1.5,1.9,0.4,1.2
371,320,Danny Schayes,C,35,PHO,69,823,13.2,.544,.004,.278,7.9,21.1,14.5,15.6,1.2,3.3,18.7,18.0,,0.5,0.9,1.4,.084,,-2.3,1.5,-0.8,0.2
373,321,Steve Scheffler,C,27,SEA,18,102,16.1,.631,.000,.783,9.5,17.1,13.4,5.5,1.0,1.5,8.8,14.4,,0.3,0.1,0.4,.193,,-0.3,-1.2,-1.5,0.0
374,322,Dwayne Schintzius,C,26,NJN,43,318,8.2,.390,.000,.102,9.9,17.9,13.9,7.7,0.5,3.7,13.1,17.9,,-0.4,0.4,-0.1,-0.012,,-6.5,0.2,-6.3,-0.3
379,327,Rony Seikaly,C,29,GSW,36,1035,12.7,.566,.000,.510,8.2,20.4,14.2,6.7,0.9,2.4,21.3,19.9,,-0.1,0.8,0.7,.032,,-3.5,0.2,-3.3,-0.3
397,342,Rik Smits,C,28,IND,78,2381,19.5,.571,.002,.356,9.9,20.4,15.3,9.0,0.9,2.6,13.4,27.2,,3.7,3.5,7.2,.146,,0.2,0.2,0.4,1.5
398,343,Elmore Spencer,C,25,LAC,19,368,7.7,.471,.008,.424,3.3,18.5,10.4,10.8,1.9,4.6,25.5,22.2,,-1.1,0.4,-0.7,-0.085,,-7.9,1.8,-6.1,-0.4
399,344,Felton Spencer,C,27,UTA,34,905,12.3,.578,.000,.628,13.1,22.3,18.0,2.7,0.7,2.9,19.9,17.2,,0.7,1.3,2.0,.104,,-1.9,0.4,-1.5,0.1
410,355,Žan Tabak,C,24,HOU,37,182,11.2,.518,.019,.830,15.3,20.4,18.0,3.3,0.6,2.7,19.9,22.3,,-0.1,0.2,0.2,.043,,-5.7,-2.5,-8.2,-0.3
411,356,Roy Tarpley,C,30,DAL,55,1354,17.8,.521,.030,.200,10.7,25.9,17.9,7.2,1.7,2.8,14.1,23.5,,0.9,1.9,2.8,.098,,-2.1,0.3,-1.7,0.1
413,358,LaSalle Thompson,C,33,IND,38,453,6.8,.448,.000,.136,7.6,16.0,11.9,6.2,2.1,1.7,20.9,16.0,,-0.6,0.7,0.1,.015,,-5.2,1.6,-3.7,-0.2
421,363,Keith Tower,C,24,ORL,3,7,-6.2,.174,.000,1.000,16.9,31.7,24.5,0.0,0.0,0.0,25.8,23.8,,-0.1,0.0,0.0,-0.304,,-18.8,-8.5,-27.3,0.0
436,378,Bill Wennington,C,31,CHI,73,956,11.6,.527,.013,.199,7.9,15.5,11.7,6.5,1.2,1.3,10.2,17.9,,1.0,1.3,2.3,.116,,-2.7,-0.7,-3.3,-0.3
440,381,Mark West,C,34,DET,67,1543,12.8,.555,.000,.354,12.1,18.9,15.5,1.8,0.9,4.9,15.9,15.6,,0.7,1.1,1.8,.057,,-3.4,-0.3,-3.7,-0.7
449,388,Herb Williams,C,36,NYK,56,743,7.7,.476,.000,.206,3.8,16.6,10.4,5.6,0.9,4.6,16.9,14.6,,-0.7,1.3,0.6,.041,,-6.6,2.7,-3.9,-0.4
453,392,Lorenzo Williams,C,25,DAL,82,2383,10.3,.471,.000,.332,12.5,19.1,15.6,6.9,1.1,4.3,23.2,7.9,,0.5,2.7,3.1,.063,,-2.4,3.9,1.5,2.1
470,406,Sharone Wright,C,22,PHI,79,2044,14.0,.502,.010,.363,10.8,16.1,13.5,4.1,1.0,3.7,14.4,23.0,,-0.2,1.9,1.7,.040,,-3.3,-0.8,-4.1,-1.1
