,Rk,Player,Pos,Age,Tm,G,MP,PER,TS%,3PAr,FTr,ORB%,DRB%,TRB%,AST%,STL%,BLK%,TOV%,USG%,Unnamed: 19,OWS,DWS,WS,WS/48,Unnamed: 24,OBPM,DBPM,BPM,VORP
5,6,Derrick Alston,C,23,PHI,73,1614,11.8,.518,.008,.289,8.8,12.9,10.8,6.5,1.8,2.4,11.9,13.7,,1.0,0.8,1.7,.052,,-2.2,0.5,-1.8,0.1
31,27,Benoit Benjamin,C,31,TOT,83,1896,14.4,.539,.005,.329,8.8,26.1,17.3,5.7,1.3,3.4,17.6,19.8,,0.1,2.2,2.3,.057,,-3.8,0.5,-3.3,-0.6
32,27,Benoit Benjamin,C,31,VAN,13,404,13.6,.488,.000,.348,8.7,21.7,15.0,7.6,1.3,2.8,15.5,24.8,,-0.4,0.5,0.1,.010,,-5.0,0.1,-4.9,-0.3
33,27,Benoit Benjamin,C,31,MIL,70,1492,14.6,.558,.007,.322,8.9,27.3,17.9,5.2,1.2,3.6,18.3,18.4,,0.5,1.7,2.2,.070,,-3.5,0.6,-2.9,-0.3
45,39,Shawn Bradley,C,23,TOT,79,2329,15.7,.481,.005,.282,10.3,20.4,15.2,4.9,1.1,9.4,15.4,21.8,,-1.1,4.1,3.0,.062,,-4.3,4.0,-0.4,1.0
46,39,Shawn Bradley,C,23,PHI,12,334,13.4,.486,.000,.258,11.4,25.6,18.3,4.1,1.2,8.4,22.3,18.6,,-0.4,0.4,0.0,.005,,-6.4,2.7,-3.7,-0.1
47,39,Shawn Bradley,C,23,NJN,67,1995,16.1,.480,.005,.285,10.1,19.5,14.7,5.0,1.1,9.6,14.5,22.4,,-0.7,3.7,3.0,.071,,-4.0,4.2,0.2,1.1
52,43,Frank Brickowski,C,36,SEA,63,986,8.6,.585,.313,.341,3.3,14.3,9.0,9.1,1.3,0.6,21.2,16.7,,0.1,1.4,1.6,.076,,-2.7,-0.2,-2.9,-0.2
56,47,Mike Brown,C,32,PHI,9,162,7.3,.554,.000,1.063,9.7,16.8,13.2,2.8,1.0,0.9,20.4,8.1,,0.1,0.1,0.1,.037,,-4.0,-1.0,-4.9,-0.1
57,48,P.J. Brown,C,26,NJN,81,2942,12.6,.500,.019,.332,7.9,13.2,10.5,9.3,1.4,2.6,12.7,15.6,,2.0,3.3,5.3,.087,,-1.1,2.3,1.2,2.4
66,57,Michael Cage,C,34,CLE,82,2631,14.1,.561,.003,.232,14.3,22.7,18.4,3.3,1.9,2.7,11.0,9.4,,4.1,4.0,8.1,.148,,-0.9,2.4,1.5,2.3
73,63,Duane Causwell,C,27,SAC,73,1044,9.9,.484,.005,.444,9.5,18.0,13.7,2.9,1.3,5.6,17.0,13.1,,0.0,1.3,1.3,.059,,-4.5,2.1,-2.4,-0.1
84,72,Charles Claxton,C,25,BOS,3,7,0.2,.347,.000,1.000,31.2,0.0,16.0,0.0,0.0,10.0,25.8,23.9,,0.0,0.0,0.0,-0.179,,-8.5,-2.6,-11.1,0.0
85,73,John Coker,C,24,PHO,5,11,37.3,.800,.000,.000,21.4,0.0,10.5,21.2,0.0,6.8,0.0,20.2,,0.1,0.0,0.1,.360,,13.6,-0.8,12.8,0.0
90,76,Marty Conlon,C,28,MIL,74,958,12.2,.526,.092,.336,7.3,15.5,11.3,11.7,1.1,0.9,17.4,21.7,,0.1,0.5,0.6,.028,,-2.6,-1.7,-4.3,-0.6
103,84,Rastko Cvetković,C,25,DEN,14,48,2.1,.282,.063,.250,9.6,16.9,13.2,9.6,2.2,1.5,14.5,19.3,,-0.2,0.1,-0.1,-0.118,,-8.4,0.0,-8.4,-0.1
105,86,Yinka Dare,C,23,NJN,58,626,6.1,.479,.000,.431,9.6,22.5,15.9,0.0,0.7,4.9,29.6,17.0,,-1.4,1.0,-0.5,-0.037,,-9.9,-1.6,-11.5,-1.5
114,93,Andrew DeClercq,C,22,GSW,22,203,12.1,.505,.020,.380,10.1,12.0,11.1,6.8,1.8,1.8,6.4,13.4,,0.3,0.1,0.4,.102,,-1.1,-0.2,-1.3,0.0
117,96,Bison Dele,C,26,LAC,65,2157,17.0,.582,.008,.349,8.2,19.5,13.7,9.4,1.7,1.9,17.7,22.2,,2.1,1.9,4.0,.090,,-0.5,0.5,0.0,1.1
119,98,Vlade Divac*,C,27,LAL,79,2470,17.4,.544,.022,.366,9.5,22.2,16.0,16.3,1.6,3.7,17.5,20.6,,2.2,4.0,6.1,.119,,-0.3,3.1,2.8,3.0
125,101,Kevin Duckworth,C,31,MIL,8,58,-2.7,.270,.000,.429,4.2,10.8,7.4,4.8,1.8,0.0,10.7,14.7,,-0.2,0.0,-0.1,-0.110,,-8.7,-1.6,-10.3,-0.1
126,102,Chris Dudley,C,30,POR,80,1924,12.2,.473,.003,.439,14.2,28.4,21.3,2.8,1.1,3.9,15.6,11.5,,0.6,4.0,4.7,.117,,-3.8,2.9,-1.0,0.5
131,107,Acie Earl,C,25,TOR,42,655,14.1,.484,.011,.413,9.2,14.3,11.7,6.9,1.4,4.3,13.1,25.2,,-0.1,0.4,0.3,.020,,-4.4,-1.7,-6.1,-0.7
135,111,James Edwards,C,40,CHI,28,274,3.5,.403,.000,.236,6.4,10.6,8.5,5.9,0.2,2.2,14.7,22.9,,-0.5,0.4,-0.2,-0.028,,-7.8,-1.7,-9.5,-0.5
143,119,LeRon Ellis,C,26,MIA,12,74,1.6,.264,.000,.273,8.1,4.6,6.3,8.1,1.4,3.2,10.9,17.0,,-0.2,0.1,-0.1,-0.081,,-8.4,0.9,-7.5,-0.1
144,120,Pervis Ellison,C,28,BOS,69,1431,13.1,.527,.000,.397,11.5,24.1,17.7,6.3,1.4,4.8,19.5,12.9,,0.6,1.9,2.6,.086,,-3.0,3.1,0.1,0.8
147,122,Patrick Ewing*,C,33,NYK,76,2783,20.9,.516,.019,.317,6.9,26.9,17.1,11.2,1.3,5.1,11.8,31.5,,0.6,6.1,6.8,.116,,-2.9,2.4,-0.4,1.1
151,126,Matt Fish,C,26,TOT,18,134,16.5,.586,.000,.528,8.7,9.5,9.1,10.2,1.2,3.8,6.3,15.9,,0.3,0.1,0.4,.154,,0.1,0.2,0.3,0.1
152,126,Matt Fish,C,26,NYK,2,17,27.4,.575,.000,.100,21.5,0.0,10.4,14.6,0.0,4.5,0.0,28.6,,0.1,0.0,0.1,.220,,6.9,-2.4,4.6,0.0
153,126,Matt Fish,C,26,DEN,16,117,14.9,.590,.000,.692,6.9,10.9,8.9,9.5,1.3,3.7,8.1,14.1,,0.2,0.1,0.4,.144,,-0.9,0.6,-0.3,0.0
156,129,Greg Foster,C,27,UTA,73,803,9.0,.501,.033,.295,8.3,18.6,13.6,4.7,0.5,2.3,17.4,19.0,,-0.3,0.9,0.6,.035,,-4.6,-0.7,-5.2,-0.7
166,135,Matt Geiger,C,26,CHH,77,2349,14.2,.573,.012,.308,10.2,23.6,16.8,4.1,1.0,2.0,15.3,17.2,,2.4,1.9,4.3,.088,,-1.6,-0.3,-1.9,0.1
193,149,Jack Haley,C,32,CHI,1,7,1.8,.363,.000,.333,16.7,16.6,16.6,0.0,0.0,0.0,12.7,49.6,,0.0,0.0,0.0,-0.228,,-17.1,-13.9,-31.1,-0.1
194,150,Thomas Hamilton,C,20,BOS,11,70,4.3,.321,.000,.581,15.6,19.7,17.6,2.1,0.0,9.0,18.8,29.5,,-0.4,0.1,-0.3,-0.213,,-13.5,-1.4,-14.9,-0.2
195,151,Geert Hammink,C,26,TOT,6,17,10.5,.565,.000,1.750,14.0,13.5,13.7,0.0,0.0,0.0,22.0,23.8,,0.0,0.0,0.0,.017,,-6.5,-8.2,-14.7,-0.1
196,151,Geert Hammink,C,26,ORL,3,7,9.1,.532,.000,2.000,34.1,16.3,25.0,0.0,0.0,0.0,34.7,37.2,,0.0,0.0,0.0,-0.150,,-10.7,-11.4,-22.1,0.0
197,151,Geert Hammink,C,26,GSW,3,10,11.4,.602,.000,1.500,0.0,11.6,5.8,0.0,0.0,0.0,0.0,14.5,,0.0,0.0,0.0,.134,,-3.6,-5.9,-9.5,0.0
218,167,Donald Hodge,C,26,TOT,15,115,5.9,.375,.000,.000,7.5,14.1,10.6,4.9,0.4,4.8,7.7,9.4,,0.0,0.1,0.1,.026,,-6.3,0.9,-5.4,-0.1
219,167,Donald Hodge,C,26,DAL,13,113,5.8,.375,.000,.000,7.7,13.2,10.2,5.0,0.4,4.9,7.7,9.6,,0.0,0.1,0.1,.025,,-6.2,1.0,-5.2,-0.1
220,167,Donald Hodge,C,26,CHH,2,2,8.0,,,,0.0,62.0,30.3,0.0,0.0,0.0,,0.0,,0.0,0.0,0.0,.076,,-12.3,-3.1,-15.4,0.0
237,183,Ervin Johnson,C,28,SEA,81,1519,13.1,.547,.009,.361,10.5,22.6,16.8,4.8,1.3,6.7,19.4,14.9,,0.5,3.4,3.9,.123,,-3.8,3.9,0.1,0.8
258,203,Joe Kleine,C,34,PHO,56,663,6.8,.456,.041,.148,6.4,16.5,11.5,9.7,1.0,0.7,17.1,14.6,,-0.3,0.4,0.1,.007,,-4.4,-0.7,-5.1,-0.5
259,204,Jon Koncak,C,32,ORL,67,1288,7.1,.507,.051,.326,5.8,18.5,12.3,5.3,1.1,2.5,17.0,8.5,,0.3,1.6,2.0,.073,,-3.6,1.8,-1.8,0.1
261,206,Christian Laettner,C,26,TOT,74,2495,17.7,.563,.043,.437,8.6,17.2,12.8,13.7,1.5,2.2,14.7,22.6,,3.9,2.4,6.2,.120,,0.6,0.5,1.2,2.0
262,206,Christian Laettner,C,26,MIN,44,1518,18.0,.566,.053,.457,7.7,16.1,11.9,15.0,1.4,2.2,13.8,23.7,,2.5,1.2,3.7,.116,,1.2,0.2,1.3,1.3
263,206,Christian Laettner,C,26,ATL,30,977,17.2,.556,.025,.400,10.0,18.9,14.3,11.7,1.7,2.2,16.4,21.0,,1.4,1.2,2.5,.125,,-0.3,1.1,0.9,0.7
264,207,Andrew Lang,C,29,TOT,71,2365,11.9,.484,.006,.197,7.5,15.6,11.4,4.6,0.9,4.1,12.6,18.6,,0.1,2.3,2.3,.047,,-3.7,0.5,-3.2,-0.7
265,207,Andrew Lang,C,29,ATL,51,1815,12.4,.490,.005,.191,6.9,15.1,10.9,5.7,1.0,3.6,12.3,18.9,,0.4,1.8,2.2,.058,,-3.1,0.8,-2.3,-0.1
266,207,Andrew Lang,C,29,MIN,20,550,10.1,.466,.012,.222,9.1,17.2,13.2,0.9,0.7,5.7,13.8,17.5,,-0.4,0.5,0.2,.013,,-5.6,-0.4,-6.1,-0.6
268,209,Eric Leckner,C,29,DET,18,155,8.8,.634,.000,.448,6.5,19.5,13.3,1.1,0.7,2.0,24.1,14.1,,0.0,0.2,0.2,.075,,-5.3,-0.9,-6.2,-0.2
271,212,Cedric Lewis,C,26,WSB,3,4,62.7,.667,.000,.000,60.0,0.0,29.4,0.0,12.8,0.0,0.0,33.5,,0.0,0.0,0.1,.613,,20.3,-3.8,16.5,0.0
273,214,Alton Lister,C,37,TOT,64,735,9.6,.537,.000,.610,10.1,33.6,21.5,3.6,0.4,4.0,26.5,10.7,,-0.1,1.0,0.9,.060,,-6.0,1.1,-4.9,-0.5
274,214,Alton Lister,C,37,MIL,7,88,7.4,.506,.000,.222,9.6,31.2,20.2,6.3,0.0,2.6,28.8,7.2,,0.0,0.1,0.1,.049,,-5.2,0.9,-4.3,-0.1
275,214,Alton Lister,C,37,BOS,57,647,9.9,.539,.000,.646,10.1,33.9,21.7,3.2,0.5,4.2,26.3,11.1,,-0.1,0.9,0.8,.061,,-6.1,1.1,-5.0,-0.5
280,217,Luc Longley,C,27,CHI,62,1641,11.9,.515,.000,.205,7.4,15.2,11.3,10.6,0.7,3.9,17.2,17.8,,0.7,2.8,3.5,.101,,-2.5,2.4,-0.1,0.8
286,222,Rick Mahorn,C,37,NJN,50,450,7.5,.421,.008,.385,7.4,19.8,13.4,5.7,1.6,2.2,17.4,16.8,,-0.5,0.6,0.1,.011,,-6.6,0.6,-5.9,-0.4
313,242,Jim McIlvaine,C,23,WSB,80,1195,9.7,.476,.000,.724,6.6,15.8,11.3,1.2,0.9,9.9,15.8,8.5,,-0.1,1.9,1.8,.074,,-4.9,4.9,0.0,0.6
317,246,Loren Meyer,C,23,DAL,72,1266,9.4,.484,.033,.309,8.7,18.6,13.2,6.7,0.8,1.8,15.2,14.5,,0.2,0.8,1.1,.041,,-4.5,-0.4,-4.9,-0.9
326,255,Eric Mobley,C,25,TOT,39,676,9.4,.533,.014,.630,9.1,15.5,12.2,5.6,1.1,2.7,22.1,15.3,,-0.4,0.6,0.2,.015,,-5.0,0.5,-4.5,-0.4
327,255,Eric Mobley,C,25,MIL,5,65,3.9,.342,.000,.571,5.6,17.3,11.3,0.0,0.8,1.2,10.2,6.9,,0.0,0.0,0.0,-0.010,,-7.3,-2.3,-9.6,-0.1
328,255,Eric Mobley,C,25,VAN,34,611,10.0,.543,.015,.634,9.5,15.3,12.3,6.2,1.1,2.8,22.6,16.2,,-0.4,0.6,0.2,.017,,-4.7,0.8,-4.0,-0.3
329,256,Eric Montross,C,24,BOS,61,1432,10.6,.546,.000,.384,9.1,18.7,13.8,4.6,0.7,1.4,17.0,14.7,,0.3,1.0,1.3,.044,,-2.9,-0.3,-3.2,-0.4
333,260,Alonzo Mourning*,C,25,MIA,70,2671,22.7,.584,.028,.662,9.7,21.7,15.9,11.4,1.4,5.5,15.9,28.1,,4.4,5.5,9.9,.178,,0.8,3.7,4.4,4.3
336,262,Todd Mundt,C,25,TOT,33,151,7.0,.416,.000,.195,8.2,13.8,10.9,3.0,0.7,2.5,6.3,14.0,,0.0,0.1,0.1,.035,,-5.5,-1.6,-7.1,-0.2
337,262,Todd Mundt,C,25,ATL,24,118,8.0,.436,.000,.250,9.6,15.7,12.5,2.6,0.5,2.6,7.8,14.7,,0.0,0.1,0.1,.049,,-5.3,-2.0,-7.2,-0.2
338,262,Todd Mundt,C,25,BOS,9,33,3.7,.333,.000,.000,3.3,7.0,5.1,4.3,1.5,2.1,0.0,11.7,,0.0,0.0,0.0,-0.016,,-6.3,-0.5,-6.7,0.0
342,264,Gheorghe Mureșan,C,24,WSB,76,2242,21.0,.600,.001,.348,13.3,24.7,19.1,4.2,1.2,5.5,13.4,21.2,,4.3,3.8,8.0,.172,,0.0,1.4,1.5,2.0
345,267,Dikembe Mutombo*,C,29,DEN,74,2713,17.1,.562,.002,.622,10.6,26.6,18.6,6.1,0.7,8.8,17.1,14.4,,2.6,5.0,7.6,.134,,-2.1,5.3,3.2,3.6
353,273,Shaquille O'Neal*,C,23,ORL,54,1946,26.4,.570,.002,.495,11.1,24.2,17.8,15.9,0.9,4.4,11.0,32.8,,3.9,3.0,6.9,.171,,2.3,1.1,3.5,2.7
354,274,Dan O'Sullivan,C,27,TOR,5,139,8.4,.428,.029,.229,11.1,16.4,13.7,2.1,0.7,2.2,11.5,13.8,,0.0,0.0,0.0,.008,,-5.1,-2.4,-7.5,-0.2
356,276,Hakeem Olajuwon*,C,33,HOU,72,2797,25.5,.558,.009,.367,7.3,24.0,15.9,18.3,2.1,5.3,12.5,31.9,,4.5,5.2,9.7,.166,,1.2,3.4,4.6,4.7
357,277,Greg Ostertag,C,22,UTA,57,661,13.2,.505,.000,.297,10.9,21.3,16.2,1.1,0.4,7.9,10.8,16.0,,0.4,1.1,1.4,.104,,-4.2,1.3,-2.9,-0.2
365,282,Robert Parish*,C,42,CHH,74,1086,13.0,.533,.000,.295,9.7,24.4,16.9,4.0,1.0,3.7,15.5,13.4,,0.7,1.0,1.7,.074,,-3.5,0.6,-2.9,-0.2
366,283,Cherokee Parks,C,23,DAL,64,869,10.9,.456,.105,.251,7.3,19.9,13.0,5.0,1.4,2.6,10.2,14.6,,0.1,0.8,0.9,.050,,-5.0,-0.1,-5.1,-0.7
369,286,Mike Peplowski,C,25,TOT,7,17,9.8,.554,.000,.600,7.1,22.0,14.4,11.3,3.1,9.1,24.0,22.4,,0.0,0.0,0.0,.036,,-4.6,5.9,1.4,0.0
370,286,Mike Peplowski,C,25,WSB,2,5,-12.5,,,,0.0,0.0,0.0,0.0,0.0,0.0,,0.0,,0.0,0.0,0.0,.010,,-5.5,0.2,-5.4,0.0
371,286,Mike Peplowski,C,25,MIL,5,12,19.2,.554,.000,.600,10.0,31.2,20.4,16.1,4.4,12.8,24.0,31.7,,0.0,0.0,0.0,.048,,-4.2,8.4,4.2,0.0
372,287,Will Perdue,C,30,SAS,80,1396,13.7,.535,.003,.378,14.5,23.8,19.3,3.5,1.0,3.8,18.2,15.2,,0.7,2.7,3.4,.118,,-3.0,1.8,-1.2,0.3
387,298,Olden Polynice,C,31,SAC,81,2441,15.8,.543,.004,.248,12.1,24.1,18.1,4.1,1.1,2.0,12.3,18.6,,2.5,2.8,5.3,.105,,-1.4,-0.3,-1.7,0.2
393,303,Theo Ratliff,C,22,DET,75,1305,14.0,.603,.004,.522,10.6,16.7,13.8,1.6,0.7,7.1,16.5,12.4,,1.6,2.2,3.8,.141,,-2.8,2.8,0.0,0.7
396,306,Bryant Reeves,C,22,VAN,77,2460,13.4,.506,.003,.341,8.2,19.4,13.6,8.3,0.9,1.7,13.5,21.6,,0.0,2.3,2.3,.045,,-3.3,0.0,-3.3,-0.8
413,317,Eric Riley,C,25,MIN,25,310,12.0,.533,.014,.378,12.4,17.0,14.7,2.5,1.3,3.9,16.5,14.8,,0.2,0.3,0.5,.071,,-3.4,-0.4,-3.8,-0.1
415,319,Fred Roberts,C,35,LAL,33,317,14.1,.558,.144,.289,6.8,10.4,8.6,12.3,2.6,0.9,18.0,18.9,,0.2,0.4,0.6,.086,,-1.2,-0.2,-1.4,0.0
416,320,Stanley Roberts,C,25,LAC,51,795,12.8,.491,.000,.438,6.2,18.5,12.2,8.4,1.0,3.7,11.7,23.0,,0.0,0.7,0.7,.040,,-4.1,-0.6,-4.7,-0.5
420,323,David Robinson*,C,30,SAS,82,3019,29.4,.589,.007,.597,12.3,24.2,18.4,14.6,1.9,6.4,9.8,28.8,,11.1,7.2,18.3,.290,,4.3,4.9,9.2,8.5
428,331,Sean Rooks,C,26,TOT,65,1117,13.4,.567,.025,.709,8.6,18.7,13.6,6.7,1.1,2.9,17.6,18.1,,0.8,1.0,1.8,.078,,-2.7,-0.2,-2.9,-0.3
429,331,Sean Rooks,C,26,MIN,49,902,13.3,.557,.026,.700,8.0,19.1,13.5,6.7,1.1,2.4,14.2,17.0,,0.9,0.8,1.7,.088,,-2.3,-0.4,-2.7,-0.2
430,331,Sean Rooks,C,26,ATL,16,215,13.7,.605,.017,.741,11.1,17.2,14.0,6.9,1.0,5.0,28.7,22.6,,-0.1,0.3,0.2,.036,,-4.4,0.6,-3.8,-0.1
433,334,Clifford Rozier,C,23,GSW,59,723,10.6,.578,.015,.407,11.2,16.1,13.6,4.6,1.4,3.0,20.1,12.0,,0.4,0.6,1.1,.072,,-2.1,0.8,-1.3,0.1
437,338,Arvydas Sabonis*,C,31,POR,73,1735,24.7,.617,.144,.422,9.7,28.8,19.3,13.8,1.9,3.4,15.2,25.5,,4.5,3.9,8.4,.233,,2.5,3.1,5.6,3.3
441,340,Danny Schayes,C,36,MIA,32,399,8.1,.442,.000,.489,8.7,17.1,13.0,3.5,1.5,3.1,16.8,15.6,,-0.3,0.7,0.4,.049,,-6.0,1.6,-4.4,-0.2
443,341,Steve Scheffler,C,28,SEA,35,181,10.3,.543,.111,.422,10.3,11.2,10.8,1.7,1.7,0.9,13.0,15.1,,0.1,0.3,0.4,.096,,-3.0,-1.4,-4.5,-0.1
444,342,Dwayne Schintzius,C,27,IND,33,297,11.9,.465,.000,.191,10.0,22.4,16.4,8.0,1.6,3.2,13.7,21.4,,-0.1,0.5,0.3,.054,,-4.1,0.9,-3.2,-0.1
449,347,Rony Seikaly,C,30,GSW,64,1813,14.2,.561,.005,.496,10.4,21.4,15.8,6.4,1.1,2.8,20.6,20.9,,0.5,1.8,2.3,.061,,-2.4,0.3,-2.2,-0.1
471,361,Rik Smits,C,29,IND,63,1901,19.0,.569,.006,.328,8.1,20.0,14.2,11.4,0.6,1.9,13.5,28.6,,2.9,2.1,5.0,.127,,0.3,-0.5,-0.1,0.9
473,363,Elmore Spencer,C,26,TOT,17,58,2.3,.448,.000,.462,5.9,19.7,12.8,2.7,0.0,2.6,27.7,16.4,,-0.1,0.1,-0.1,-0.056,,-10.2,-0.9,-11.1,-0.1
474,363,Elmore Spencer,C,26,DEN,6,21,-11.2,.000,.000,.000,5.5,16.6,11.0,0.0,0.0,0.0,75.0,8.5,,-0.1,0.0,-0.1,-0.209,,-14.4,-1.7,-16.2,-0.1
475,363,Elmore Spencer,C,26,POR,11,37,10.0,.478,.000,.500,6.2,21.5,13.9,4.3,0.0,4.0,17.0,20.9,,0.0,0.1,0.0,.032,,-7.8,-0.4,-8.2,-0.1
476,364,Felton Spencer,C,28,UTA,71,1267,10.4,.570,.000,.537,9.9,19.4,14.8,1.3,0.8,3.6,18.1,15.3,,0.7,1.7,2.4,.089,,-3.1,0.1,-3.0,-0.3
490,376,Žan Tabak,C,25,TOR,67,1332,12.4,.554,.002,.275,10.4,18.3,14.3,7.6,0.9,1.8,17.9,18.7,,0.4,0.6,1.1,.038,,-2.6,-1.7,-4.3,-0.8
493,379,LaSalle Thompson,C,34,PHI,44,773,6.2,.454,.000,.289,9.0,21.0,14.9,5.1,1.3,1.9,28.3,7.5,,-0.3,0.5,0.2,.013,,-5.2,1.2,-4.0,-0.4
500,385,Keith Tower,C,25,LAC,34,305,7.5,.491,.014,.361,8.5,11.6,10.1,2.4,0.7,2.7,16.1,14.5,,0.0,0.1,0.1,.014,,-4.7,-1.4,-6.1,-0.3
519,400,Bill Wennington,C,32,CHI,71,1065,11.0,.519,.003,.125,6.4,12.7,9.5,6.4,1.0,1.1,9.3,16.5,,1.2,1.6,2.8,.125,,-2.3,-0.2,-2.5,-0.1
521,401,Robert Werdann,C,25,NJN,13,93,13.6,.517,.000,.406,5.8,21.8,13.6,3.9,2.8,2.5,13.7,20.5,,0.0,0.2,0.2,.084,,-4.7,0.4,-4.3,-0.1
524,404,Mark West,C,35,DET,47,682,7.2,.514,.000,.357,9.0,14.4,11.8,1.4,0.5,4.3,19.4,12.7,,-0.1,1.0,0.8,.059,,-5.1,0.9,-4.1,-0.4
531,410,Herb Williams,C,37,TOR,1,31,8.7,.375,.000,.000,3.8,27.0,15.4,0.0,1.7,4.9,0.0,11.4,,0.0,0.0,0.0,.033,,-9.0,-2.2,-11.2,-0.1
533,411,Hot Rod Williams,C,33,PHO,62,1652,12.4,.501,.003,.327,9.2,16.8,13.0,5.5,1.4,4.1,12.0,13.9,,1.0,1.7,2.8,.080,,-2.1,1.9,-0.2,0.7
535,413,Lorenzo Williams,C,26,DAL,65,1806,9.6,.404,.005,.327,12.5,18.3,15.1,6.4,1.3,4.7,24.2,7.4,,-0.1,1.8,1.7,.045,,-4.0,3.9,-0.1,0.9
562,428,Sharone Wright,C,23,TOT,57,1434,15.1,.530,.006,.506,11.7,17.2,14.4,4.8,1.1,2.5,14.8,22.8,,0.6,0.7,1.3,.043,,-2.9,-2.1,-5.0,-1.1
563,428,Sharone Wright,C,23,PHI,46,1136,14.5,.518,.000,.484,12.3,18.3,15.2,4.3,1.1,2.5,14.8,21.5,,0.3,0.6,0.9,.037,,-3.2,-1.8,-5.0,-0.9
564,428,Sharone Wright,C,23,TOR,11,298,17.3,.565,.023,.570,9.5,13.3,11.4,6.6,1.0,2.6,14.9,27.8,,0.3,0.1,0.4,.065,,-1.8,-3.3,-5.1,-0.2
565,429,George Zídek,C,22,CHH,71,888,8.0,.486,.000,.375,9.2,15.9,12.5,2.7,0.5,0.6,11.6,16.7,,0.3,0.3,0.6,.031,,-4.2,-3.1,-7.3,-1.2
