,Rk,Player,Pos,Age,Tm,G,MP,PER,TS%,3PAr,FTr,ORB%,DRB%,TRB%,AST%,STL%,BLK%,TOV%,USG%,Unnamed: 19,OWS,DWS,WS,WS/48,Unnamed: 24,OBPM,DBPM,BPM,VORP
8,7,Derrick Alston,C,24,ATL,2,11,-9.0,.000,.000,.400,33.3,10.6,21.7,0.0,0.0,0.0,0.0,25.2,,-0.1,0.0,-0.1,-0.415,,-17.5,-10.3,-27.8,-0.1
10,9,Greg Anderson,C,32,SAS,82,1659,11.4,.531,.004,.355,11.0,21.8,16.2,3.2,2.1,3.2,19.4,10.5,,0.7,1.5,2.2,.064,,-3.1,1.4,-1.6,0.2
26,20,Isaac Austin,C,27,MIA,82,1881,14.2,.536,.005,.354,8.7,21.2,15.1,9.9,1.3,1.8,17.9,22.5,,0.3,3.7,4.0,.102,,-3.2,1.6,-1.6,0.2
33,26,Benoit Benjamin,C,32,TOR,4,44,8.9,.472,.000,.333,7.8,16.5,12.0,3.7,1.2,0.0,12.7,16.0,,0.0,0.0,0.0,.033,,-5.5,-3.0,-8.4,-0.1
47,36,Shawn Bradley,C,24,TOT,73,2288,16.5,.478,.009,.252,10.4,19.8,14.9,4.2,0.9,8.3,11.8,22.1,,0.0,3.0,3.0,.062,,-3.8,2.2,-1.6,0.2
48,36,Shawn Bradley,C,24,NJN,40,1228,16.3,.470,.011,.268,9.8,19.4,14.3,2.7,1.0,9.8,11.2,19.9,,0.2,1.6,1.8,.071,,-4.2,2.8,-1.4,0.2
49,36,Shawn Bradley,C,24,DAL,33,1060,16.7,.486,.007,.236,11.1,20.4,15.7,5.9,0.9,6.5,12.4,24.5,,-0.2,1.3,1.2,.052,,-3.4,1.5,-1.9,0.0
50,37,Mark Bradtke,C,28,PHI,36,251,9.6,.463,.000,.224,11.0,18.7,14.8,4.2,1.0,1.4,12.4,12.2,,0.1,0.1,0.2,.044,,-4.3,-1.8,-6.1,-0.3
60,44,Mike Brown,C,33,PHO,6,83,11.1,.488,.000,.833,12.8,22.4,17.6,8.2,0.6,0.9,10.9,10.0,,0.1,0.1,0.2,.107,,-2.1,0.1,-2.0,0.0
73,55,Michael Cage,C,35,PHI,82,1247,10.3,.475,.000,.291,9.6,18.6,14.0,4.9,1.9,2.4,9.7,6.0,,1.0,1.0,2.0,.078,,-2.8,1.5,-1.3,0.2
77,57,Marcus Camby,C,22,TOR,63,1897,17.8,.523,.018,.339,7.9,16.7,12.2,9.6,1.8,5.5,13.0,24.3,,1.4,2.3,3.7,.095,,-1.8,1.5,-0.3,0.8
87,63,Duane Causwell,C,28,SAC,46,581,8.9,.535,.032,.394,11.3,14.2,12.7,5.1,1.4,4.9,23.6,11.1,,0.1,0.6,0.7,.060,,-3.3,2.2,-1.1,0.1
102,74,Marty Conlon,C,29,BOS,74,1614,12.8,.542,.022,.377,8.5,15.1,11.5,10.1,1.4,0.8,17.1,17.0,,1.3,0.5,1.8,.053,,-1.9,-1.1,-3.1,-0.4
113,82,Erick Dampier,C,21,IND,72,1052,11.8,.451,.003,.500,11.1,22.1,16.7,6.9,1.0,5.6,17.0,21.7,,-1.0,1.9,0.9,.040,,-5.3,2.2,-3.0,-0.3
120,85,Yinka Dare,C,24,NJN,41,313,7.2,.406,.000,.685,11.4,17.3,14.2,1.4,0.7,6.7,23.0,12.4,,-0.4,0.3,-0.1,-0.014,,-7.3,1.0,-6.3,-0.3
128,93,Andrew DeClercq,C,23,GSW,71,1065,12.5,.552,.000,.553,13.6,19.7,16.6,4.9,1.6,1.9,18.3,17.4,,0.8,0.7,1.6,.070,,-2.1,-1.1,-3.2,-0.3
131,96,Bison Dele,C,27,CHI,9,138,13.7,.453,.000,.238,11.6,15.3,13.5,13.5,1.2,2.7,13.6,26.1,,0.0,0.2,0.2,.073,,-3.3,0.0,-3.3,0.0
134,99,Vlade Divac*,C,28,CHH,81,2840,17.9,.533,.055,.306,10.6,20.0,15.5,17.5,2.0,4.7,16.7,19.1,,3.4,3.9,7.3,.123,,0.7,4.0,4.7,4.8
137,101,Greg Dreiling,C,34,DAL,40,389,7.3,.466,.014,.365,5.6,17.3,11.3,4.5,1.1,1.4,9.5,11.2,,0.0,0.3,0.4,.045,,-5.0,-0.1,-5.2,-0.3
140,104,Kevin Duckworth,C,32,LAC,26,384,6.1,.473,.039,.155,6.7,11.7,9.1,6.6,1.2,2.2,23.1,16.6,,-0.5,0.3,-0.2,-0.030,,-5.4,-0.1,-5.5,-0.3
141,105,Chris Dudley,C,31,POR,81,1840,10.1,.449,.000,.468,13.5,24.4,19.1,3.2,1.1,4.0,18.5,10.6,,0.0,3.4,3.5,.091,,-3.7,2.8,-1.0,0.5
146,108,Acie Earl,C,26,TOT,47,500,10.7,.433,.028,.467,8.0,14.7,11.3,6.7,1.6,4.5,13.9,22.7,,-0.5,0.5,0.0,-0.004,,-6.2,-0.4,-6.6,-0.6
147,108,Acie Earl,C,26,TOR,38,457,10.0,.431,.032,.446,8.2,13.7,10.9,6.5,1.4,4.7,14.9,21.6,,-0.5,0.4,-0.1,-0.012,,-6.3,-0.3,-6.6,-0.5
148,108,Acie Earl,C,26,MIL,9,43,18.6,.446,.000,.609,5.7,25.5,15.7,8.2,3.7,1.7,6.4,33.6,,0.0,0.1,0.1,.088,,-5.0,-1.8,-6.8,-0.1
160,120,Patrick Ewing*,C,34,NYK,78,2887,21.3,.548,.007,.434,7.5,26.4,17.3,10.8,1.3,5.3,14.4,29.8,,2.9,6.9,9.8,.163,,-1.7,3.3,1.7,2.7
163,121,Jamie Feick,C,22,CHH,3,10,16.3,.512,.250,.500,12.5,23.5,18.2,0.0,0.0,7.5,0.0,23.0,,0.0,0.0,0.0,.098,,-3.1,-5.7,-8.8,0.0
170,125,Matt Fish,C,27,TOT,6,8,-3.2,.333,.000,.000,14.8,57.7,36.6,0.0,0.0,0.0,40.0,28.1,,-0.1,0.0,0.0,-0.287,,-22.7,-8.8,-31.5,-0.1
171,125,Matt Fish,C,27,WSB,5,7,-3.7,.333,.000,.000,17.0,65.9,41.8,0.0,0.0,0.0,40.0,32.1,,-0.1,0.0,0.0,-0.331,,-25.0,-10.2,-35.3,-0.1
172,125,Matt Fish,C,27,MIA,1,1,0.0,,,,0.0,0.0,0.0,0.0,0.0,0.0,,0.0,,0.0,0.0,0.0,.025,,-6.5,1.3,-5.2,0.0
174,127,Greg Foster,C,28,UTA,79,920,8.4,.508,.012,.265,8.1,16.8,12.7,5.0,0.6,1.8,16.5,16.5,,0.0,1.0,1.0,.054,,-3.8,-0.6,-4.4,-0.6
176,129,Todd Fuller,C,22,GSW,75,949,10.4,.483,.000,.414,13.5,17.7,15.6,4.0,0.6,1.6,14.2,17.2,,0.4,0.3,0.7,.034,,-3.6,-2.6,-6.2,-1.0
179,132,Dean Garrett,C,30,MIN,68,1665,17.7,.603,.000,.355,10.7,24.4,17.6,3.8,1.3,4.3,7.0,13.3,,3.7,2.5,6.2,.179,,-0.6,1.3,0.7,1.1
184,135,Matt Geiger,C,27,CHH,49,1044,14.3,.538,.057,.363,12.0,17.8,15.0,6.2,1.0,1.9,14.2,21.3,,1.0,0.9,1.9,.085,,-1.5,-1.4,-2.9,-0.2
206,150,Jack Haley,C,33,NJN,20,74,19.6,.441,.000,.514,17.9,29.5,23.4,11.6,0.7,1.0,4.2,27.3,,0.2,0.1,0.2,.149,,-1.1,-3.3,-4.3,0.0
210,152,Steve Hamer,C,23,BOS,35,268,8.9,.545,.035,.509,6.8,20.0,12.9,4.0,0.4,1.1,15.7,13.3,,0.1,0.1,0.2,.031,,-4.8,-2.7,-7.5,-0.4
231,169,Tyrone Hill,C,28,CLE,74,2582,17.8,.626,.002,.640,12.9,24.4,18.6,6.6,1.4,1.0,16.2,17.6,,5.3,4.6,9.9,.184,,0.4,1.3,1.7,2.4
259,186,Ervin Johnson,C,29,DEN,82,2599,14.3,.543,.004,.334,10.3,29.6,20.0,4.3,1.3,6.0,18.1,11.2,,1.4,3.8,5.2,.096,,-3.1,3.9,0.8,1.8
269,194,Adam Keefe,C,26,UTA,62,915,11.7,.572,.006,.644,10.9,18.2,14.7,5.0,1.7,1.2,18.0,12.7,,1.0,1.3,2.3,.118,,-1.1,0.9,-0.2,0.4
280,202,Stacey King,C,30,TOT,11,103,7.7,.478,.000,.318,12.1,18.8,15.2,1.6,1.0,0.7,19.3,13.6,,-0.1,0.1,0.0,-0.005,,-6.4,-3.5,-10.0,-0.2
281,202,Stacey King,C,30,BOS,5,33,16.0,.721,.000,.429,3.2,30.2,15.7,4.9,0.0,2.3,10.7,12.1,,0.1,0.0,0.1,.139,,-3.1,-2.3,-5.3,0.0
282,202,Stacey King,C,30,DAL,6,70,3.7,.358,.000,.267,16.3,13.5,14.9,0.0,1.5,0.0,23.0,14.3,,-0.2,0.0,-0.1,-0.072,,-8.0,-4.1,-12.1,-0.2
284,204,Joe Kleine,C,35,TOT,59,848,7.6,.450,.018,.224,7.9,19.2,13.4,6.0,1.0,1.6,18.0,11.8,,-0.3,0.7,0.4,.022,,-4.8,0.2,-4.6,-0.6
285,204,Joe Kleine,C,35,PHO,23,365,6.5,.444,.013,.225,6.8,18.7,12.8,4.7,1.3,1.2,18.5,13.3,,-0.3,0.3,0.0,.001,,-5.4,0.2,-5.2,-0.3
286,204,Joe Kleine,C,35,LAL,8,30,4.2,.338,.000,.250,7.7,26.4,17.1,0.0,0.0,0.0,0.0,13.3,,0.0,0.0,0.0,.042,,-9.4,-5.9,-15.3,-0.1
287,204,Joe Kleine,C,35,NJN,28,453,8.7,.467,.024,.220,8.8,19.0,13.6,7.5,0.9,2.0,18.9,10.4,,0.1,0.3,0.4,.038,,-4.0,0.6,-3.4,-0.2
288,205,Travis Knight,C,22,LAL,71,1156,14.1,.536,.000,.364,13.0,18.5,15.7,5.3,1.4,3.8,13.3,14.3,,1.4,1.8,3.3,.137,,-1.8,1.6,-0.2,0.5
292,209,Andrew Lang,C,30,MIL,52,1194,10.8,.498,.000,.246,9.7,18.8,14.2,3.2,1.2,2.9,12.4,12.2,,0.7,1.2,1.9,.076,,-2.7,0.8,-1.8,0.0
294,211,Priest Lauderdale,C,23,ATL,35,180,13.6,.560,.011,.258,10.8,17.5,14.2,15.2,0.3,3.9,27.2,35.7,,-0.5,0.3,-0.2,-0.048,,-6.1,-0.8,-6.8,-0.2
295,212,Eric Leckner,C,30,TOT,20,126,4.9,.444,.000,.364,4.6,29.0,16.6,6.4,1.3,1.2,20.7,17.8,,-0.3,0.1,-0.1,-0.045,,-9.1,-1.7,-10.8,-0.3
296,212,Eric Leckner,C,30,CHH,1,11,-10.1,.000,.000,.000,0.0,10.7,5.5,12.1,0.0,0.0,0.0,12.8,,-0.1,0.0,-0.1,-0.241,,-13.2,-2.8,-16.0,0.0
297,212,Eric Leckner,C,30,VAN,19,115,6.3,.482,.000,.400,5.0,30.7,17.7,5.9,1.4,1.3,22.1,18.3,,-0.2,0.1,-0.1,-0.026,,-8.7,-1.6,-10.3,-0.2
301,216,Alton Lister,C,38,BOS,53,516,7.8,.480,.000,.403,13.7,24.6,18.7,3.6,0.8,2.0,24.9,10.0,,0.0,0.3,0.3,.028,,-5.1,-0.9,-6.0,-0.5
303,218,Horacio Llamas Grey,C,23,PHO,20,101,10.5,.539,.000,.286,4.7,16.1,10.4,6.2,5.1,3.7,25.9,19.0,,-0.2,0.2,0.0,.019,,-5.3,3.9,-1.4,0.0
308,222,Luc Longley,C,28,CHI,59,1472,13.4,.499,.004,.247,9.4,15.9,12.7,14.1,0.8,3.4,17.1,19.7,,0.9,2.3,3.1,.103,,-2.0,1.9,-0.1,0.7
312,226,Rick Mahorn,C,38,DET,22,218,8.8,.440,.019,.407,11.1,19.0,15.1,4.4,1.0,1.1,13.6,16.7,,0.0,0.3,0.3,.055,,-5.0,-1.0,-5.9,-0.2
335,244,Amal McCaskill,C,23,ORL,17,109,6.1,.376,.063,.375,4.2,19.9,11.8,10.3,1.5,3.6,22.8,20.4,,-0.3,0.2,-0.2,-0.086,,-9.6,1.1,-8.5,-0.2
341,248,Jim McIlvaine,C,24,SEA,82,1477,11.1,.486,.025,.388,10.8,16.1,13.5,2.3,1.4,9.5,16.1,11.9,,0.2,2.8,3.0,.098,,-4.1,4.7,0.6,1.0
352,255,Oliver Miller,C,26,TOT,61,1152,13.1,.539,.008,.332,10.4,20.7,15.4,12.5,2.2,4.3,24.8,14.3,,0.1,1.7,1.8,.073,,-2.9,3.7,0.7,0.8
353,255,Oliver Miller,C,26,DAL,42,836,11.6,.508,.006,.344,11.2,21.3,16.2,11.2,2.2,4.7,28.3,13.6,,-0.5,1.3,0.8,.047,,-3.8,4.4,0.6,0.5
354,255,Oliver Miller,C,26,TOR,19,316,17.0,.597,.012,.310,8.3,19.1,13.5,15.8,2.2,3.3,17.3,16.3,,0.5,0.4,0.9,.144,,-0.7,1.8,1.1,0.2
361,261,Eric Mobley,C,26,VAN,28,307,6.3,.472,.000,.476,11.2,10.7,11.0,7.3,0.9,2.5,27.6,15.9,,-0.4,0.0,-0.4,-0.063,,-6.1,-1.1,-7.1,-0.4
362,262,Eric Montross,C,25,TOT,78,1828,8.8,.450,.000,.178,10.5,21.5,15.8,5.2,0.6,3.1,17.0,11.0,,-0.3,1.6,1.4,.036,,-4.3,1.3,-3.0,-0.5
363,262,Eric Montross,C,25,DAL,47,984,6.6,.451,.000,.182,7.7,20.4,13.9,5.2,0.5,2.7,20.2,11.8,,-0.8,0.9,0.1,.005,,-5.7,1.1,-4.6,-0.7
364,262,Eric Montross,C,25,NJN,31,844,11.3,.450,.000,.173,13.9,22.7,18.1,5.1,0.7,3.5,13.0,10.1,,0.5,0.8,1.3,.072,,-2.7,1.5,-1.2,0.2
368,266,Alonzo Mourning*,C,26,MIA,66,2320,21.6,.578,.010,.638,9.8,23.4,16.8,8.8,1.3,6.3,16.6,27.5,,2.8,5.6,8.4,.174,,-1.2,3.9,2.7,2.7
371,269,Gheorghe Mureșan,C,25,WSB,73,1849,16.7,.618,.000,.368,9.1,21.2,15.2,2.5,1.2,3.9,15.7,18.1,,2.5,2.9,5.3,.139,,-1.7,0.4,-1.3,0.3
374,272,Dikembe Mutombo*,C,30,ATL,80,2973,19.0,.584,.000,.602,11.0,25.9,18.6,6.4,0.9,7.0,16.9,17.4,,4.7,6.6,11.3,.183,,-1.3,4.5,3.2,3.9
394,283,Shaquille O'Neal*,C,24,LAL,51,1941,27.1,.556,.004,.483,11.6,25.9,18.8,17.3,1.2,5.8,10.8,31.1,,4.1,3.9,8.0,.197,,2.9,3.3,6.3,4.0
396,285,Hakeem Olajuwon*,C,34,HOU,78,2852,22.7,.558,.011,.313,7.4,21.0,14.5,16.2,2.1,4.5,14.8,30.4,,3.5,5.6,9.1,.154,,-0.2,3.4,3.2,3.7
398,287,Greg Ostertag,C,23,UTA,77,1818,15.3,.561,.010,.502,13.1,24.9,19.4,2.2,0.7,7.0,12.9,14.6,,2.6,3.3,5.9,.156,,-1.7,2.4,0.7,1.2
406,293,Robert Parish*,C,43,CHI,43,406,14.3,.514,.000,.217,11.9,12.9,12.4,8.2,0.8,3.5,15.2,20.3,,0.3,0.6,0.9,.101,,-2.5,0.2,-2.3,0.0
410,297,Will Perdue,C,31,SAS,65,1918,16.7,.582,.000,.417,15.2,25.1,19.9,3.3,0.9,4.2,15.2,13.9,,2.9,1.5,4.4,.110,,-0.9,0.4,-0.5,0.7
411,298,Sam Perkins,C,35,SEA,81,1976,17.0,.584,.467,.346,4.5,13.8,9.2,8.5,1.9,2.1,9.2,19.4,,4.4,2.7,7.1,.173,,1.8,-0.1,1.8,1.9
422,306,Olden Polynice,C,32,SAC,82,2893,13.1,.476,.006,.260,10.9,20.4,15.6,10.2,0.8,2.1,13.4,19.3,,0.6,2.7,3.3,.055,,-2.1,0.6,-1.5,0.4
424,308,Vitaly Potapenko,C,21,CLE,80,1238,9.5,.486,.005,.296,10.9,12.0,11.4,6.1,1.2,2.5,18.6,23.7,,-1.2,1.7,0.5,.020,,-5.4,-0.4,-5.9,-1.2
427,311,Theo Ratliff,C,23,DET,76,1292,15.9,.566,.000,.344,10.7,13.9,12.3,1.8,1.3,7.1,12.6,17.0,,1.8,2.1,3.9,.144,,-2.3,2.0,-0.2,0.6
428,312,Dino Rađa*,C,29,BOS,25,874,12.6,.471,.003,.209,5.4,23.8,13.9,9.2,1.3,4.1,15.9,21.6,,-0.9,0.7,-0.2,-0.010,,-5.0,0.8,-4.2,-0.5
430,314,Bryant Reeves,C,23,VAN,75,2777,14.4,.523,.011,.300,7.2,18.5,12.8,10.8,0.6,1.8,13.1,22.3,,1.4,1.0,2.4,.042,,-1.8,-1.2,-3.0,-0.7
444,323,Stanley Roberts,C,26,LAC,18,378,14.1,.485,.000,.432,7.1,21.5,14.0,4.1,1.1,4.8,11.5,23.5,,0.0,0.5,0.5,.060,,-4.9,-0.5,-5.4,-0.3
447,326,David Robinson*,C,31,SAS,6,147,31.0,.559,.000,.722,15.0,27.0,20.8,11.5,2.2,3.3,7.8,32.6,,0.5,0.2,0.7,.227,,3.2,-1.1,2.0,0.2
459,335,Sean Rooks,C,27,LAL,69,735,13.4,.547,.005,.703,8.8,16.5,12.7,8.9,1.2,3.9,17.4,17.9,,0.7,1.1,1.8,.115,,-3.0,1.2,-1.7,0.0
466,339,Clifford Rozier,C,24,TOT,42,737,14.5,.471,.011,.351,15.7,21.6,18.6,6.8,1.7,4.8,12.6,14.0,,0.6,1.0,1.6,.102,,-2.4,2.0,-0.4,0.3
467,339,Clifford Rozier,C,24,GSW,1,5,-7.2,.000,.000,.000,0.0,0.0,0.0,0.0,0.0,0.0,0.0,8.9,,0.0,0.0,0.0,-0.230,,-11.9,-3.5,-15.5,0.0
468,339,Clifford Rozier,C,24,TOR,41,732,14.7,.473,.012,.353,15.8,21.8,18.7,6.8,1.7,4.8,12.7,14.0,,0.6,1.0,1.6,.105,,-2.3,2.0,-0.3,0.3
471,341,Arvydas Sabonis*,C,32,POR,69,1762,21.8,.592,.201,.436,7.9,28.3,18.4,14.6,1.9,3.7,16.1,23.9,,3.7,3.9,7.5,.205,,1.3,3.1,4.5,2.9
472,342,Kevin Salvadori,C,26,SAC,23,154,8.3,.452,.000,.545,4.5,14.5,9.5,9.6,0.7,6.4,22.7,15.4,,-0.2,0.2,0.0,-0.007,,-7.0,1.9,-5.1,-0.1
477,345,Steve Scheffler,C,29,SEA,7,29,7.2,.825,.000,.286,4.2,8.3,6.2,0.0,0.0,0.0,38.8,20.3,,0.0,0.0,0.0,-0.056,,-6.2,-5.3,-11.4,-0.1
478,346,Dwayne Schintzius,C,28,LAC,15,116,8.1,.430,.056,.222,8.7,13.6,11.1,5.4,0.5,6.1,15.0,17.9,,-0.1,0.1,0.0,.002,,-5.8,0.5,-5.3,-0.1
484,352,Shawnelle Scott,C,24,CLE,16,50,18.7,.480,.000,.688,20.5,21.2,20.8,0.0,0.0,5.4,0.0,20.8,,0.1,0.1,0.2,.170,,-4.2,-5.5,-9.7,-0.1
486,354,Rony Seikaly,C,31,ORL,74,2615,18.3,.567,.003,.551,12.0,19.6,15.7,6.5,1.0,3.2,16.2,23.7,,3.5,3.3,6.8,.125,,-0.8,0.5,-0.3,1.2
502,366,Rik Smits,C,30,IND,52,1518,18.3,.535,.011,.296,8.4,19.8,14.2,9.2,0.8,3.2,13.2,29.1,,1.2,2.1,3.3,.105,,-1.2,0.2,-1.1,0.4
504,368,Elmore Spencer,C,27,SEA,1,5,-7.3,.000,.000,.000,0.0,0.0,0.0,0.0,10.6,0.0,50.0,18.3,,-0.1,0.0,0.0,-0.366,,-17.2,7.2,-10.1,0.0
505,369,Felton Spencer,C,29,TOT,73,1558,9.2,.524,.000,.567,11.9,19.8,15.8,2.1,1.1,2.5,19.9,12.7,,0.4,0.9,1.3,.040,,-3.4,-0.6,-4.0,-0.8
506,369,Felton Spencer,C,29,ORL,1,19,17.1,1.000,.000,.000,30.1,6.3,18.5,8.6,0.0,0.0,33.3,7.3,,0.1,0.0,0.1,.186,,5.4,-1.8,3.5,0.0
507,369,Felton Spencer,C,29,GSW,72,1539,9.1,.521,.000,.571,11.7,19.9,15.8,2.1,1.2,2.5,19.8,12.7,,0.3,0.9,1.2,.038,,-3.5,-0.6,-4.1,-0.8
523,384,Brett Szabo,C,28,BOS,70,662,8.8,.517,.008,.504,9.0,20.5,14.3,3.7,1.2,3.6,21.7,12.2,,0.0,0.5,0.4,.031,,-5.3,-0.1,-5.4,-0.6
524,385,Žan Tabak,C,26,TOR,13,218,12.5,.501,.000,.408,10.4,16.1,13.2,11.0,1.5,4.0,20.0,21.5,,-0.1,0.2,0.1,.032,,-4.1,0.5,-3.6,-0.1
530,389,LaSalle Thompson,C,35,TOT,26,140,-0.5,.231,.000,.316,5.9,21.9,14.0,2.0,1.1,2.9,29.4,9.9,,-0.4,0.2,-0.3,-0.086,,-10.9,-0.2,-11.1,-0.3
531,389,LaSalle Thompson,C,35,DEN,17,105,-0.9,.207,.000,.125,5.5,22.5,14.1,0.0,1.5,3.9,29.3,10.2,,-0.4,0.1,-0.2,-0.109,,-12.2,-0.4,-12.6,-0.3
532,389,LaSalle Thompson,C,35,IND,9,35,0.8,.315,.000,1.333,6.9,20.1,13.6,8.0,0.0,0.0,29.6,8.9,,0.0,0.0,0.0,-0.017,,-7.0,0.3,-6.7,0.0
533,390,Otis Thorpe,C,34,DET,79,2661,16.1,.563,.003,.385,10.8,18.1,14.5,9.0,1.3,0.5,13.6,19.8,,4.5,3.4,7.9,.142,,0.4,0.5,0.9,1.9
536,393,Keith Tower,C,26,MIL,5,72,0.6,.304,.000,1.000,3.4,11.8,7.6,2.0,1.5,1.0,14.8,8.7,,-0.1,0.1,-0.1,-0.054,,-6.8,0.1,-6.7,-0.1
541,398,Stojko Vranković,C,33,MIN,53,766,10.1,.583,.000,.266,8.9,17.0,13.0,2.9,0.7,6.6,25.1,12.4,,-0.1,0.9,0.9,.055,,-4.6,2.0,-2.6,-0.1
555,409,Bill Wennington,C,33,CHI,61,783,11.2,.538,.008,.224,6.7,11.8,9.3,7.7,0.7,1.1,10.6,16.6,,1.1,0.9,2.0,.124,,-1.9,-0.9,-2.8,-0.2
556,410,Robert Werdann,C,26,NJN,6,31,8.7,.541,.000,.429,9.9,11.1,10.5,0.0,3.4,2.4,19.4,14.2,,0.0,0.0,0.0,.077,,-4.7,-1.5,-6.2,0.0
559,413,Mark West,C,36,CLE,70,959,9.9,.555,.000,.311,9.2,16.1,12.6,3.4,0.7,5.2,20.3,13.4,,0.1,1.5,1.6,.081,,-4.7,2.1,-2.6,-0.2
566,419,Aaron Williams,C,25,DEN,1,10,19.1,.600,.000,.000,23.1,33.8,28.5,0.0,0.0,20.5,44.4,40.2,,-0.1,0.0,-0.1,-0.281,,-17.9,1.2,-16.8,0.0
572,423,Hot Rod Williams,C,34,PHO,68,2137,13.8,.538,.005,.476,9.8,20.8,15.4,6.7,1.6,3.1,11.6,12.0,,2.8,2.5,5.3,.119,,-0.8,2.9,2.1,2.2
575,426,Lorenzo Williams,C,27,WSB,19,264,8.0,.660,.000,.226,12.6,17.9,15.3,2.1,1.2,2.3,34.6,8.9,,0.1,0.3,0.4,.074,,-3.2,0.6,-2.6,0.0
580,429,Scott Williams,C,28,PHI,62,1317,13.2,.529,.006,.173,12.5,20.5,16.4,4.9,1.7,2.2,12.7,12.6,,1.5,1.1,2.6,.094,,-1.7,0.1,-1.6,0.1
586,435,Joe Wolf,C,32,MIL,56,525,7.9,.488,.079,.213,7.5,18.6,13.1,5.6,1.4,1.6,12.6,9.8,,0.3,0.5,0.8,.073,,-3.0,0.6,-2.5,-0.1
589,438,Lorenzen Wright,C,21,LAC,77,1936,12.5,.504,.008,.305,12.0,16.6,14.2,4.0,1.3,2.4,12.4,14.7,,1.5,1.7,3.2,.079,,-1.9,0.3,-1.5,0.2
590,439,Sharone Wright,C,24,TOR,60,1009,7.4,.423,.002,.330,8.9,12.8,10.8,4.9,0.8,4.0,16.8,24.6,,-2.3,0.7,-1.6,-0.076,,-7.8,-1.7,-9.5,-1.9
591,440,George Zídek,C,23,TOT,52,376,10.2,.500,.017,.483,11.4,15.8,13.6,6.1,0.7,0.6,15.9,21.0,,0.1,0.2,0.3,.034,,-4.0,-3.0,-6.9,-0.5
592,440,George Zídek,C,23,CHH,36,288,7.2,.459,.024,.376,10.9,15.5,13.2,4.9,0.8,0.8,18.8,19.9,,-0.3,0.2,-0.1,-0.017,,-5.7,-2.7,-8.4,-0.5
593,440,George Zídek,C,23,DEN,16,88,20.3,.591,.000,.758,13.1,16.6,14.9,10.3,0.6,0.0,8.3,24.4,,0.3,0.0,0.4,.200,,1.6,-3.9,-2.3,0.0
