,Rk,Player,Pos,Age,Tm,G,MP,PER,TS%,3PAr,FTr,ORB%,DRB%,TRB%,AST%,STL%,BLK%,TOV%,USG%,Unnamed: 19,OWS,DWS,WS,WS/48,Unnamed: 24,OBPM,DBPM,BPM,VORP
8,7,Greg Anderson,C,33,ATL,50,398,10.4,.444,.062,.506,12.0,22.6,17.4,5.9,2.6,1.8,14.7,13.5,,0.0,0.7,0.7,.090,,-2.8,1.3,-1.6,0.0
14,11,Chris Anstey,C,23,DAL,41,680,13.2,.455,.069,.320,8.5,17.4,12.8,8.7,2.4,2.8,13.5,20.5,,-0.2,0.9,0.6,.044,,-3.6,0.5,-3.1,-0.2
23,18,Isaac Austin,C,28,TOT,78,2266,16.3,.512,.009,.417,10.3,18.0,14.2,14.0,1.4,1.7,16.7,25.0,,1.2,2.5,3.6,.077,,-1.1,0.4,-0.6,0.8
24,18,Isaac Austin,C,28,MIA,52,1371,16.8,.521,.006,.429,10.5,17.5,14.1,11.8,1.7,1.8,15.6,25.5,,1.1,2.2,3.2,.113,,-1.1,0.9,-0.1,0.6
25,18,Isaac Austin,C,28,LAC,26,895,15.6,.497,.015,.398,10.1,18.9,14.4,17.3,1.0,1.6,18.3,24.2,,0.1,0.3,0.4,.022,,-1.1,-0.4,-1.4,0.1
26,19,Vin Baker,C,26,SEA,82,2944,20.4,.564,.006,.452,11.8,14.8,13.3,9.3,1.7,2.2,11.1,24.7,,6.9,3.5,10.4,.169,,1.9,0.2,2.0,3.0
37,27,Benoit Benjamin,C,33,PHI,14,197,12.5,.581,.000,.732,10.4,20.6,15.5,2.5,1.1,1.5,18.1,15.1,,0.2,0.2,0.4,.098,,-3.1,-1.7,-4.8,-0.1
55,39,Shawn Bradley,C,25,DAL,64,1822,17.7,.463,.004,.253,9.8,22.1,15.8,5.9,1.5,8.2,10.8,22.3,,0.0,3.0,2.9,.077,,-3.8,2.8,-1.0,0.4
68,49,Mark Bryant,C,32,PHO,70,1110,10.2,.545,.004,.422,9.9,15.6,12.8,6.0,1.7,1.0,17.9,13.3,,1.0,1.6,2.5,.109,,-2.1,1.0,-1.1,0.2
77,56,Michael Cage,C,36,NJN,79,1201,10.1,.531,.012,.429,10.4,19.9,14.8,3.6,2.0,2.7,18.7,4.4,,1.1,1.4,2.5,.100,,-1.9,2.9,0.9,0.9
79,58,Marcus Camby,C,23,TOR,63,2002,15.9,.448,.003,.327,10.9,15.3,13.0,9.4,1.8,7.9,13.6,21.6,,-0.6,1.5,0.9,.022,,-2.9,2.2,-0.7,0.7
85,63,Kelvin Cato,C,23,POR,74,1007,13.3,.496,.013,.546,10.9,17.9,14.6,3.6,1.5,6.8,13.4,14.7,,0.7,2.0,2.7,.129,,-3.5,3.2,-0.3,0.4
86,64,Duane Causwell,C,29,MIA,37,363,9.2,.443,.000,.292,9.7,21.9,16.0,2.2,1.1,5.4,15.2,15.2,,-0.2,0.7,0.5,.069,,-6.2,1.6,-4.6,-0.2
96,72,Keith Closs,C,21,LAC,58,740,14.0,.482,.000,.372,9.6,16.3,12.9,4.2,0.8,7.3,13.6,16.7,,0.1,0.5,0.6,.041,,-4.2,1.0,-3.3,-0.2
100,76,Marty Conlon,C,30,MIA,18,209,17.2,.541,.000,.710,9.3,16.3,12.9,9.8,2.4,1.7,11.9,20.6,,0.4,0.4,0.8,.177,,-0.9,0.9,0.0,0.1
110,83,William Cunningham,C,23,TOT,7,39,9.3,.444,.000,.000,13.6,14.5,15.3,3.9,2.8,0.0,0.0,10.7,,0.1,0.1,0.1,.131,,-0.5,-0.5,-1.1,0.0
111,83,William Cunningham,C,23,UTA,6,38,8.7,.444,.000,.000,14.0,12.3,13.1,4.0,2.8,0.0,0.0,11.0,,0.1,0.0,0.1,.122,,-0.1,-0.4,-0.5,0.0
112,83,William Cunningham,C,23,PHI,1,1,33.3,,,,0.0,100.0,100.0,0.0,0.0,0.0,,0.0,,0.0,0.0,0.0,.473,,-17.3,-4.8,-22.1,0.0
116,87,Erick Dampier,C,22,GSW,82,2656,14.0,.502,.003,.504,10.6,18.3,14.4,6.1,0.8,3.6,15.3,18.7,,1.1,2.9,4.0,.072,,-2.5,1.4,-1.1,0.6
119,90,Yinka Dare,C,25,NJN,10,60,4.5,.279,.000,.444,18.1,14.4,16.4,2.4,0.0,2.5,8.5,17.0,,-0.1,0.0,-0.1,-0.051,,-6.3,-3.0,-9.4,-0.1
122,93,Dale Davis,C,28,IND,78,2174,15.2,.546,.000,.345,13.6,19.9,16.9,5.3,1.3,2.8,11.3,14.2,,3.4,3.8,7.1,.158,,0.4,2.7,3.1,2.8
128,99,Andrew DeClercq,C,24,BOS,81,1523,13.2,.530,.003,.494,12.8,18.0,15.2,5.9,2.9,2.5,16.9,14.1,,1.4,2.1,3.4,.108,,-1.6,1.7,0.1,0.8
132,102,Bison Dele,C,28,DET,78,2619,18.1,.542,.003,.269,10.1,21.6,15.8,7.0,1.4,1.6,13.5,23.9,,3.2,3.7,6.9,.126,,-0.4,0.0,-0.4,1.1
136,104,Vlade Divac*,C,29,CHH,64,1805,19.4,.539,.026,.351,12.4,22.2,17.3,15.8,2.5,3.8,15.6,18.8,,2.9,3.0,5.9,.157,,1.4,3.8,5.2,3.3
139,107,Chris Dudley,C,32,NYK,51,858,9.5,.428,.000,.643,15.0,23.5,19.2,3.7,0.8,4.6,19.3,12.4,,-0.3,1.7,1.5,.084,,-4.7,3.1,-1.6,0.1
160,123,Patrick Ewing*,C,35,NYK,26,848,23.3,.557,.005,.462,8.3,29.3,18.8,6.8,1.0,5.3,13.7,31.1,,1.0,2.0,3.0,.168,,-1.8,1.6,-0.2,0.4
161,124,Tony Farmer,C,28,CHH,27,169,13.9,.477,.170,.736,11.5,11.3,11.4,4.6,3.2,1.7,11.4,21.7,,0.2,0.2,0.4,.109,,-1.7,-1.0,-2.7,0.0
168,131,Greg Foster,C,29,UTA,78,1446,8.9,.483,.022,.208,7.8,15.2,11.7,5.6,0.6,1.5,13.0,16.8,,0.3,1.0,1.3,.045,,-2.8,-1.1,-3.9,-0.7
170,133,Adonal Foyle,C,22,GSW,55,656,9.2,.418,.006,.365,11.5,18.6,15.0,3.5,1.0,5.4,20.2,16.4,,-1.0,0.9,-0.1,-0.009,,-6.9,1.6,-5.4,-0.6
171,134,Todd Fuller,C,23,GSW,57,613,11.8,.473,.020,.390,10.3,24.2,17.1,2.8,0.5,1.8,13.3,19.7,,0.0,0.7,0.7,.053,,-5.7,-2.3,-8.0,-0.9
175,138,Dean Garrett,C,31,DEN,82,2632,12.1,.465,.000,.312,9.9,19.2,14.4,5.8,1.2,3.8,11.6,12.6,,1.2,1.1,2.2,.041,,-2.8,0.9,-1.9,0.1
180,142,Matt Geiger,C,28,CHH,78,1839,20.2,.544,.016,.333,13.0,21.1,17.1,7.6,2.0,3.5,12.0,23.2,,3.2,2.7,5.9,.154,,0.4,0.8,1.2,1.5
188,150,Horace Grant,C,32,ORL,76,2803,15.4,.488,.008,.232,9.4,16.8,13.0,11.0,1.6,2.0,8.5,16.9,,3.6,3.6,7.1,.122,,0.2,2.1,2.4,3.1
197,157,Jack Haley,C,34,NJN,16,51,7.2,.404,.056,1.167,10.7,24.2,17.0,0.0,0.0,1.5,12.8,26.6,,-0.1,0.0,0.0,-0.034,,-9.7,-8.4,-18.1,-0.2
230,186,Zydrunas Ilgauskas,C,22,CLE,82,2379,19.7,.564,.005,.345,14.6,22.6,18.6,5.7,1.2,4.3,12.6,22.4,,4.5,4.9,9.4,.189,,0.3,1.7,2.0,2.4
242,196,Ervin Johnson,C,30,MIL,81,2261,15.6,.564,.000,.505,12.9,24.1,18.5,4.2,1.9,5.2,16.9,14.0,,2.7,3.8,6.4,.136,,-1.1,3.1,1.9,2.2
252,205,Adam Keefe,C,27,UTA,80,2047,14.5,.605,.000,.472,11.6,14.8,13.3,6.7,1.4,0.9,12.2,13.2,,4.8,1.7,6.5,.153,,1.9,0.4,2.3,2.2
261,212,Joe Kleine,C,36,CHI,46,397,5.5,.408,.000,.170,7.8,14.5,11.1,11.2,0.5,0.9,19.7,16.0,,-0.4,0.5,0.1,.016,,-5.6,-0.2,-5.8,-0.4
263,214,Travis Knight,C,23,BOS,74,1503,13.6,.499,.126,.235,10.5,18.8,14.3,10.9,1.8,4.3,15.3,16.4,,1.1,1.9,3.0,.096,,-1.6,2.0,0.4,0.9
266,217,Andrew Lang,C,31,MIL,57,692,8.5,.452,.007,.399,9.8,17.3,13.5,3.5,1.4,2.9,16.4,13.3,,-0.1,0.8,0.7,.047,,-4.5,0.4,-4.0,-0.4
269,220,Priest Lauderdale,C,24,DEN,39,345,10.0,.458,.000,.543,9.0,25.7,17.1,11.6,1.1,3.7,22.6,26.8,,-0.9,0.2,-0.6,-0.087,,-7.4,-1.3,-8.7,-0.6
271,221,Jason Lawson,C,23,ORL,17,80,21.5,.670,.000,.667,11.5,28.6,19.9,10.7,2.8,3.6,9.3,12.3,,0.3,0.2,0.5,.280,,1.3,3.5,4.8,0.1
274,224,Alton Lister,C,39,POR,7,44,2.4,.375,.000,.000,5.5,23.0,14.5,3.4,1.2,1.7,20.0,10.3,,-0.1,0.1,0.0,.021,,-7.7,0.9,-6.8,-0.1
276,226,Horacio Llamas Grey,C,24,PHO,8,42,8.6,.472,.143,.476,11.4,38.0,25.0,4.0,1.3,5.2,26.2,37.1,,-0.2,0.1,-0.1,-0.083,,-11.9,-1.8,-13.7,-0.1
279,229,Luc Longley,C,29,CHI,58,1703,13.5,.492,.000,.243,7.6,15.4,11.5,15.5,1.1,2.6,16.2,21.2,,0.6,2.8,3.4,.096,,-1.7,1.8,0.1,0.9
284,234,Rick Mahorn,C,39,DET,59,707,7.8,.490,.000,.264,10.9,22.0,16.4,3.3,1.1,0.7,20.4,11.9,,0.0,0.9,0.9,.064,,-4.3,-0.3,-4.6,-0.5
295,244,Tony Massenburg,C,30,VAN,61,894,14.9,.536,.000,.443,10.3,19.5,14.9,4.0,1.5,1.9,14.0,21.4,,0.8,0.4,1.3,.067,,-2.5,-2.7,-5.3,-0.7
304,251,Michael McDonald,C,28,CHH,1,4,-22.1,,,,30.5,0.0,15.1,0.0,0.0,0.0,100.0,23.1,,-0.1,0.0,-0.1,-0.638,,-20.8,-2.6,-23.4,0.0
307,254,Jim McIlvaine,C,25,SEA,78,1211,9.5,.477,.013,.363,9.7,15.8,12.8,2.3,1.1,8.6,17.3,12.0,,0.0,1.9,1.9,.075,,-4.5,3.7,-0.9,0.3
317,261,Oliver Miller,C,27,TOR,64,1628,12.8,.485,.011,.274,9.7,18.2,13.8,18.8,1.8,3.0,24.1,14.7,,-0.1,0.9,0.9,.026,,-2.3,1.1,-1.2,0.3
323,267,Eric Montross,C,26,TOT,48,691,8.0,.427,.000,.278,11.6,22.2,16.9,2.5,1.0,2.9,15.2,12.6,,-0.2,0.9,0.7,.049,,-5.0,0.0,-5.0,-0.5
324,267,Eric Montross,C,26,PHI,20,337,6.7,.397,.000,.250,9.5,22.0,15.7,3.3,1.1,2.6,15.1,13.2,,-0.3,0.4,0.1,.015,,-5.9,0.0,-5.8,-0.3
325,267,Eric Montross,C,26,DET,28,354,9.4,.460,.000,.309,13.7,22.4,18.0,1.8,0.9,3.2,15.3,12.0,,0.1,0.5,0.6,.082,,-4.3,0.0,-4.3,-0.2
328,270,Alonzo Mourning*,C,27,MIA,58,1939,22.4,.595,.000,.635,12.1,21.4,16.9,5.2,1.1,4.9,16.0,26.8,,3.9,3.6,7.5,.185,,0.1,1.1,1.2,1.6
333,275,Dikembe Mutombo*,C,31,ATL,82,2917,19.8,.584,.000,.608,11.5,25.6,18.8,4.8,0.6,6.6,15.1,17.6,,5.6,5.2,10.8,.177,,-0.2,2.7,2.5,3.3
343,284,Shaquille O'Neal*,C,25,LAL,60,2175,28.8,.587,.000,.594,11.1,24.0,17.7,13.5,0.9,4.6,10.8,32.9,,6.7,3.4,10.2,.224,,3.8,0.8,4.6,3.6
345,286,Hakeem Olajuwon*,C,35,HOU,47,1633,20.8,.531,.005,.335,8.5,24.6,16.7,15.8,2.7,4.1,14.8,23.7,,2.0,2.5,4.5,.131,,0.1,3.6,3.6,2.3
351,290,Greg Ostertag,C,24,UTA,63,1288,12.5,.494,.000,.586,13.8,21.8,18.1,2.9,1.2,7.7,19.8,13.5,,0.1,2.1,2.2,.084,,-2.9,3.4,0.5,0.8
357,296,Cherokee Parks,C,25,MIN,79,1703,13.6,.533,.002,.376,9.4,19.6,14.6,4.7,1.1,3.6,11.2,15.4,,2.0,1.8,3.8,.108,,-1.9,0.6,-1.3,0.3
362,299,Will Perdue,C,32,SAS,79,1491,14.8,.557,.003,.451,14.6,26.1,20.7,6.1,0.8,2.4,18.6,13.7,,1.5,3.2,4.7,.151,,-1.7,2.1,0.4,0.9
372,308,Scot Pollard,C,22,DET,33,317,13.3,.555,.000,.329,12.7,15.1,13.9,4.7,1.4,2.4,13.0,13.5,,0.5,0.4,0.9,.141,,-1.1,0.3,-0.8,0.1
373,309,Olden Polynice,C,33,SAC,70,1458,14.7,.464,.002,.212,12.9,20.8,16.8,12.7,1.3,2.1,14.2,21.1,,-0.1,1.6,1.5,.049,,-2.1,0.5,-1.6,0.2
376,312,Vitaly Potapenko,C,22,CLE,80,1412,11.0,.517,.002,.295,9.7,17.4,13.6,7.4,1.0,1.5,19.3,22.4,,-0.7,2.2,1.5,.052,,-3.9,0.0,-3.9,-0.7
379,315,Theo Ratliff,C,24,TOT,82,2447,16.2,.561,.000,.471,10.4,15.6,12.9,3.9,1.1,7.9,13.9,15.5,,3.4,3.4,6.7,.132,,-1.2,3.4,2.2,2.6
380,315,Theo Ratliff,C,24,DET,24,586,13.0,.566,.000,.568,9.3,15.3,12.3,4.1,1.1,7.1,19.7,13.7,,0.4,0.9,1.4,.111,,-2.5,3.6,1.1,0.5
381,315,Theo Ratliff,C,24,PHI,58,1861,17.2,.560,.000,.449,10.7,15.6,13.2,3.9,1.1,8.1,12.4,16.0,,2.9,2.5,5.4,.139,,-0.7,3.3,2.6,2.2
383,317,Bryant Reeves,C,24,VAN,74,2527,17.3,.559,.004,.336,9.0,17.7,13.3,10.9,0.8,2.2,12.6,21.8,,4.3,0.6,4.9,.093,,0.9,-1.0,0.0,1.3
396,327,Eric Riley,C,27,DAL,39,544,11.2,.461,.007,.267,8.6,18.8,13.6,6.5,1.5,5.9,19.7,15.8,,-0.4,0.7,0.3,.029,,-5.6,2.3,-3.3,-0.2
397,328,Stanley Roberts,C,27,MIN,74,1328,11.9,.503,.000,.404,9.4,21.5,15.5,3.1,0.9,3.8,13.3,17.5,,0.3,1.5,1.8,.064,,-3.9,-0.4,-4.3,-0.8
402,331,David Robinson*,C,32,SAS,73,2457,27.8,.581,.004,.620,12.0,23.7,18.2,15.9,1.4,5.5,13.0,29.7,,7.8,6.0,13.8,.269,,3.7,4.1,7.8,6.1
414,339,Sean Rooks,C,28,LAL,41,425,13.4,.512,.000,.782,12.6,18.7,15.7,8.2,0.2,3.7,12.3,16.0,,0.7,0.5,1.1,.130,,-1.8,0.0,-1.7,0.0
421,343,Clifford Rozier,C,25,MIN,6,30,-1.7,.466,.000,.167,11.5,11.2,11.4,0.0,0.0,0.0,38.3,15.5,,-0.1,0.0,-0.1,-0.140,,-9.3,-5.3,-14.6,-0.1
423,345,Arvydas Sabonis*,C,33,POR,73,2333,20.9,.581,.139,.490,7.7,27.9,18.2,16.9,1.5,2.5,15.9,23.2,,5.1,4.6,9.7,.200,,1.8,2.7,4.5,3.8
424,346,Kevin Salvadori,C,27,SAC,16,87,2.1,.160,.000,.462,6.3,19.7,12.8,4.7,0.0,8.6,24.2,10.5,,-0.3,0.1,-0.2,-0.099,,-11.3,3.7,-7.6,-0.1
425,347,Danny Schayes,C,38,ORL,74,1272,10.9,.479,.000,.321,8.8,13.7,11.2,6.0,1.5,1.9,12.6,17.5,,0.6,1.4,2.0,.076,,-2.9,0.2,-2.7,-0.2
430,350,Shawnelle Scott,C,25,CLE,41,188,10.6,.501,.000,.500,13.3,25.1,19.3,6.8,1.7,3.2,18.5,13.2,,0.1,0.4,0.5,.132,,-3.6,2.7,-1.0,0.0
433,353,Rony Seikaly,C,32,TOT,56,1636,15.0,.514,.003,.573,10.2,18.2,14.1,8.5,0.9,1.9,16.8,24.3,,0.9,1.9,2.7,.080,,-1.8,-0.2,-2.0,0.0
434,353,Rony Seikaly,C,32,ORL,47,1484,15.8,.524,.004,.567,10.1,18.4,14.2,8.6,0.9,1.9,16.6,24.9,,1.0,1.7,2.8,.090,,-1.5,-0.2,-1.7,0.1
435,353,Rony Seikaly,C,32,NJN,9,152,6.8,.397,.000,.659,11.4,16.3,13.7,7.7,1.0,1.9,18.5,18.6,,-0.2,0.1,-0.1,-0.019,,-4.9,-0.5,-5.4,-0.1
456,363,Rik Smits,C,31,IND,73,2085,19.9,.532,.003,.231,7.7,20.8,14.6,9.9,1.0,3.0,10.5,29.2,,2.5,3.6,6.1,.141,,-0.4,0.7,0.3,1.2
460,365,Felton Spencer,C,30,GSW,68,813,8.5,.495,.000,.612,11.9,18.0,14.8,3.2,1.5,3.1,23.0,11.4,,-0.2,1.0,0.9,.052,,-5.0,1.5,-3.5,-0.3
468,371,Michael Stewart,C,22,SAC,81,1761,12.9,.486,.000,.440,12.2,21.9,16.9,5.2,0.9,7.5,18.1,11.9,,0.4,2.6,3.0,.081,,-3.8,3.9,0.2,1.0
471,374,Ed Stokes,C,26,TOR,4,17,6.4,.387,.000,.667,6.3,20.6,13.2,8.6,3.0,8.1,34.0,15.2,,-0.1,0.0,0.0,-0.077,,-9.3,3.9,-5.4,0.0
481,381,Žan Tabak,C,27,TOT,57,984,9.7,.464,.003,.201,9.2,15.6,12.2,8.1,1.1,2.8,15.6,17.4,,-0.4,0.4,0.0,-0.001,,-4.0,-1.4,-5.4,-0.8
482,381,Žan Tabak,C,27,TOR,39,752,9.9,.459,.004,.193,8.5,14.7,11.5,8.1,1.0,2.5,14.0,18.3,,-0.4,0.1,-0.2,-0.013,,-3.9,-2.0,-5.9,-0.7
483,381,Žan Tabak,C,27,BOS,18,232,9.2,.486,.000,.236,11.7,18.3,14.7,7.9,1.1,3.7,21.9,14.5,,-0.1,0.2,0.2,.036,,-4.2,0.8,-3.4,-0.1
512,396,Stojko Vranković,C,34,LAC,65,996,9.4,.454,.000,.349,8.0,22.1,15.0,5.5,0.6,4.4,17.7,11.6,,-0.2,0.6,0.4,.020,,-5.0,0.9,-4.1,-0.5
515,399,Ben Wallace,C,23,WAS,67,1124,13.4,.495,.000,.598,11.0,22.2,16.4,2.3,2.8,4.6,11.9,9.3,,0.8,2.2,2.9,.125,,-3.1,3.5,0.4,0.7
528,407,Chris Webber,C,24,WAS,71,2809,20.9,.523,.153,.248,6.9,20.8,13.7,17.8,2.1,3.1,11.1,26.5,,3.9,4.4,8.3,.142,,2.6,2.4,4.9,4.9
530,409,Bill Wennington,C,34,CHI,48,467,9.4,.461,.000,.122,7.8,11.8,9.8,6.7,0.5,0.8,8.1,18.9,,0.3,0.6,0.8,.085,,-3.4,-1.8,-5.2,-0.4
533,412,Mark West,C,37,IND,15,105,5.1,.486,.000,.286,7.2,9.8,8.6,3.0,1.0,2.7,25.3,14.3,,-0.1,0.1,0.0,-0.002,,-5.4,1.0,-4.4,-0.1
547,423,Hot Rod Williams,C,35,PHO,71,1333,11.5,.525,.000,.460,9.6,17.5,13.7,5.1,1.3,3.3,10.7,9.2,,1.7,2.1,3.7,.135,,-1.9,2.7,0.8,0.9
548,424,Jayson Williams,C,29,NJN,65,2343,18.7,.541,.006,.454,20.5,23.2,21.8,4.5,1.0,1.5,10.9,16.1,,6.1,2.3,8.4,.172,,2.3,-0.2,2.1,2.4
553,429,Scott Williams,C,29,PHI,58,801,12.1,.492,.023,.296,12.4,17.9,15.1,6.0,1.1,1.9,11.1,15.2,,0.9,0.8,1.7,.101,,-2.0,-0.6,-2.6,-0.1
563,437,Lorenzen Wright,C,22,LAC,69,2067,13.6,.490,.004,.395,9.8,23.7,16.7,4.3,1.4,2.8,11.3,15.4,,1.5,1.5,3.1,.071,,-2.6,0.2,-2.4,-0.2
564,438,Sharone Wright,C,25,TOR,7,44,10.7,.508,.000,.286,2.5,21.2,11.5,15.5,0.0,0.0,11.3,17.7,,0.0,0.0,0.0,.036,,-4.0,-4.4,-8.4,-0.1
565,439,George Zídek,C,24,TOT,12,64,9.1,.402,.069,.552,7.2,24.4,15.7,5.1,0.0,2.3,10.0,28.7,,-0.1,0.0,0.0,-0.036,,-8.8,-5.6,-14.4,-0.2
566,439,George Zídek,C,24,DEN,6,42,12.7,.444,.000,.800,10.9,26.0,18.2,4.1,0.0,3.6,12.9,25.2,,0.0,0.0,0.0,.008,,-7.3,-4.7,-12.0,-0.1
567,439,George Zídek,C,24,SEA,6,22,2.3,.349,.143,.286,0.0,21.3,10.9,7.1,0.0,0.0,6.0,35.3,,-0.1,0.0,-0.1,-0.120,,-11.6,-7.3,-18.9,-0.1
