,Rk,Player,Pos,Age,Tm,G,MP,PER,TS%,3PAr,FTr,ORB%,DRB%,TRB%,AST%,STL%,BLK%,TOV%,USG%,Unnamed: 19,OWS,DWS,WS,WS/48,Unnamed: 24,OBPM,DBPM,BPM,VORP
4,5,Peter Aluma,C,25,SAC,2,5,3.1,.500,.000,.000,21.2,21.0,21.1,0.0,10.0,12.7,50.0,34.1,,0.0,0.0,0.0,-0.206,,-15.2,8.2,-7.1,0.0
9,10,Chris Anstey,C,24,DAL,41,470,9.2,.418,.050,.345,8.3,14.9,11.6,9.3,2.1,2.0,14.0,18.2,,-0.2,0.4,0.3,.027,,-3.3,0.3,-3.1,-0.1
17,16,Isaac Austin,C,29,ORL,49,1259,12.0,.457,.015,.347,7.5,14.5,10.9,12.8,2.0,2.1,17.9,22.9,,-0.9,2.1,1.2,.045,,-3.4,1.6,-1.8,0.1
29,27,Tony Battie,C,22,BOS,50,1121,15.5,.541,.011,.216,9.4,21.1,15.0,7.7,1.4,4.6,12.7,14.1,,1.7,1.6,3.3,.139,,-1.2,2.3,1.1,0.9
33,29,Benoit Benjamin,C,34,PHI,6,33,-1.5,.286,.000,.000,10.4,18.0,14.1,4.9,0.0,0.0,30.0,13.7,,-0.1,0.0,-0.1,-0.100,,-9.1,-1.7,-10.8,-0.1
51,42,Shawn Bradley,C,26,DAL,49,1294,19.6,.527,.011,.330,11.2,22.9,17.0,5.2,1.5,8.9,12.3,16.1,,2.1,2.2,4.2,.157,,-0.9,4.4,3.5,1.8
69,58,Marcus Camby,C,24,NYK,46,945,17.6,.537,.000,.395,13.2,18.2,15.8,2.4,1.7,6.1,11.3,17.5,,1.4,2.0,3.5,.176,,-1.2,2.7,1.5,0.8
70,59,Elden Campbell,C,30,TOT,49,1459,18.1,.528,.002,.578,10.5,21.1,16.0,8.8,1.4,3.6,12.1,21.3,,2.3,1.9,4.3,.140,,-0.2,1.2,0.9,1.1
71,59,Elden Campbell,C,30,LAL,17,325,13.4,.491,.000,.614,13.9,20.4,17.2,3.9,0.2,3.6,14.6,20.8,,0.3,0.3,0.5,.078,,-2.8,-1.7,-4.5,-0.2
72,59,Elden Campbell,C,30,CHH,32,1134,19.4,.538,.003,.569,9.6,21.2,15.7,10.1,1.8,3.6,11.3,21.5,,2.1,1.7,3.7,.158,,0.5,2.0,2.5,1.3
83,65,Kelvin Cato,C,24,POR,43,545,14.5,.476,.008,.519,10.8,20.6,15.9,5.7,2.3,7.7,14.6,15.6,,0.2,1.4,1.6,.144,,-3.1,5.3,2.2,0.6
84,66,Duane Causwell,C,30,MIA,19,137,8.1,.546,.000,.343,13.3,17.3,15.5,2.8,0.0,6.0,30.9,21.0,,-0.2,0.2,0.0,-0.007,,-6.4,0.3,-6.2,-0.1
91,73,Keon Clark,C,23,DEN,28,409,11.3,.483,.013,.463,9.9,17.5,13.6,4.0,1.3,5.4,17.9,13.0,,0.1,0.2,0.2,.029,,-3.8,1.2,-2.6,-0.1
92,74,Keith Closs,C,22,LAC,15,87,17.5,.584,.043,.435,6.4,28.8,17.0,0.0,1.9,7.8,18.0,17.4,,0.1,0.1,0.2,.107,,-5.7,-1.6,-7.3,-0.1
93,75,John Coker,C,27,WAS,14,98,9.6,.461,.000,.194,8.2,18.3,13.1,0.0,0.5,1.5,5.6,16.8,,0.1,0.1,0.1,.066,,-5.6,-5.2,-10.8,-0.2
96,78,Marty Conlon,C,31,MIA,7,35,-3.3,.288,.000,.154,3.7,12.9,8.6,4.9,0.0,2.1,17.8,23.8,,-0.2,0.0,-0.1,-0.194,,-12.7,-2.4,-15.1,-0.1
106,85,William Cunningham,C,24,TOT,16,162,0.5,.159,.000,.111,8.4,10.8,9.6,0.9,0.3,4.9,20.9,6.5,,-0.3,0.1,-0.2,-0.054,,-7.9,1.3,-6.6,-0.2
107,85,William Cunningham,C,24,TOR,1,1,0.0,,,,0.0,0.0,0.0,0.0,0.0,0.0,,0.0,,0.0,0.0,0.0,-0.025,,-6.2,-1.3,-7.5,0.0
108,85,William Cunningham,C,24,NJN,15,161,0.5,.159,.000,.111,8.5,10.9,9.6,0.9,0.3,5.0,20.9,6.5,,-0.3,0.1,-0.2,-0.054,,-7.9,1.4,-6.5,-0.2
112,89,Erick Dampier,C,23,GSW,50,1414,11.8,.439,.000,.493,12.1,16.9,14.4,6.4,1.0,3.0,15.4,18.7,,-0.2,1.8,1.5,.051,,-3.1,1.6,-1.5,0.2
121,98,Terry Davis,C,31,WAS,37,578,10.6,.579,.000,.413,9.9,18.4,14.0,2.7,1.0,0.4,12.8,9.9,,0.9,0.4,1.4,.113,,-1.7,-0.9,-2.5,-0.1
122,99,Andrew DeClercq,C,25,TOT,47,1102,15.0,.549,.000,.511,11.5,17.0,14.3,5.1,2.5,2.1,13.8,17.0,,1.6,1.5,3.1,.136,,-0.5,1.0,0.5,0.7
123,99,Andrew DeClercq,C,25,BOS,14,258,12.2,.538,.000,.509,14.0,13.5,13.7,6.1,2.6,2.5,24.0,15.9,,0.1,0.3,0.5,.085,,-1.8,1.3,-0.5,0.1
124,99,Andrew DeClercq,C,25,CLE,33,844,15.8,.552,.000,.511,10.8,18.1,14.5,4.8,2.4,1.9,10.7,17.3,,1.5,1.2,2.7,.151,,-0.1,0.8,0.8,0.6
130,102,Bison Dele,C,29,DET,49,1177,15.8,.531,.002,.274,9.5,18.8,14.1,11.9,1.8,2.8,18.7,24.0,,0.6,1.8,2.4,.097,,-1.1,1.3,0.2,0.7
133,105,Vlade Divac*,C,30,SAC,50,1761,18.0,.533,.077,.458,8.4,21.5,15.0,19.2,1.2,1.8,16.4,19.4,,3.1,2.1,5.2,.142,,0.8,1.8,2.7,2.1
134,106,Michael Doleac,C,21,ORL,49,780,13.7,.503,.000,.300,9.7,12.4,11.0,4.8,1.3,1.6,7.9,19.1,,1.2,1.1,2.2,.138,,-1.5,-0.8,-2.3,-0.1
137,109,Chris Dudley,C,33,NYK,46,685,9.6,.454,.000,.367,14.1,18.9,16.6,1.7,1.0,4.3,15.9,10.5,,0.2,1.3,1.5,.108,,-3.6,2.2,-1.5,0.1
149,119,Patrick Ewing*,C,36,NYK,38,1300,19.4,.491,.004,.407,7.0,26.5,17.1,7.0,1.3,6.0,12.9,28.4,,0.2,3.1,3.3,.123,,-3.3,2.8,-0.5,0.5
151,120,Jamie Feick,C,24,MIL,2,3,-1.7,.000,.000,.000,0.0,79.3,40.2,0.0,0.0,0.0,0.0,15.9,,0.0,0.0,0.0,-0.196,,-23.9,-8.3,-32.2,0.0
161,128,Adonal Foyle,C,23,GSW,44,614,12.3,.450,.000,.421,13.5,20.5,16.9,4.7,1.3,5.2,17.8,12.6,,0.1,1.0,1.1,.087,,-3.8,3.3,-0.5,0.2
162,129,Todd Fuller,C,24,UTA,42,462,9.1,.486,.000,.403,8.0,18.0,13.3,2.3,0.7,2.3,15.6,17.9,,-0.1,0.7,0.6,.059,,-5.2,-0.9,-6.2,-0.5
166,133,Dean Garrett,C,32,MIN,49,1054,13.6,.533,.000,.221,9.7,18.2,13.6,4.1,1.5,3.2,10.3,11.8,,1.5,1.4,2.9,.131,,-1.8,1.6,-0.2,0.5
168,135,Chris Gatling,C,31,TOT,48,775,10.1,.445,.030,.351,7.7,19.4,13.5,7.3,2.2,1.0,16.9,22.0,,-1.0,0.9,-0.1,-0.003,,-4.4,-0.6,-5.0,-0.6
169,135,Chris Gatling,C,31,NJN,18,281,5.5,.390,.010,.247,7.8,18.3,12.8,7.4,1.5,1.0,21.2,21.4,,-0.8,0.2,-0.5,-0.090,,-7.3,-1.2,-8.5,-0.5
170,135,Chris Gatling,C,31,MIL,30,494,12.6,.474,.042,.411,7.7,20.0,13.9,7.2,2.7,1.0,14.3,22.4,,-0.2,0.7,0.5,.046,,-2.8,-0.2,-3.0,-0.1
172,137,Matt Geiger,C,29,PHI,50,1540,17.1,.532,.009,.319,10.1,17.3,13.7,7.4,1.4,2.1,13.8,21.6,,2.4,2.3,4.7,.147,,0.0,0.3,0.3,0.9
180,144,Paul Grant,C,25,TOT,6,13,-4.6,.333,.000,.000,8.0,0.0,4.3,0.0,4.2,0.0,25.0,27.9,,-0.1,0.0,-0.1,-0.253,,-11.9,-3.3,-15.2,0.0
181,144,Paul Grant,C,25,MIN,4,8,-14.3,.250,.000,.000,13.0,0.0,7.0,0.0,0.0,0.0,20.0,27.5,,-0.1,0.0,-0.1,-0.319,,-14.0,-7.8,-21.8,0.0
182,144,Paul Grant,C,25,MIL,2,5,10.9,.500,.000,.000,0.0,0.0,0.0,0.0,11.0,0.0,33.3,28.7,,0.0,0.0,0.0,-0.148,,-8.4,3.8,-4.6,0.0
222,177,Zydrunas Ilgauskas,C,23,CLE,5,171,17.5,.541,.000,.526,12.8,20.0,16.4,4.9,1.3,3.3,11.4,22.6,,0.3,0.2,0.5,.134,,-0.7,-0.6,-1.3,0.0
231,185,Jerome James,C,23,SAC,16,42,11.5,.410,.000,.500,15.1,27.5,21.3,4.2,2.4,9.1,23.5,38.9,,-0.2,0.1,-0.1,-0.137,,-12.5,0.3,-12.2,-0.1
236,190,Ervin Johnson,C,31,MIL,50,1027,14.5,.544,.000,.556,14.3,23.2,18.8,2.9,1.6,4.6,16.7,13.1,,1.4,1.6,3.0,.140,,-1.1,1.8,0.7,0.7
250,200,Jonathan Kerner,C,24,ORL,1,5,-15.2,.000,.000,.000,0.0,0.0,0.0,0.0,0.0,0.0,0.0,9.1,,0.0,0.0,0.0,-0.177,,-12.2,-2.0,-14.2,0.0
258,207,Joe Kleine,C,37,PHO,31,374,6.6,.429,.027,.162,8.3,12.7,10.4,4.8,1.1,0.2,11.2,11.0,,0.1,0.2,0.3,.037,,-3.8,-1.1,-4.9,-0.3
261,210,Travis Knight,C,24,LAL,37,525,12.8,.546,.008,.223,7.7,20.5,14.2,9.3,2.1,3.7,19.7,15.3,,0.4,0.7,1.1,.102,,-1.7,2.3,0.5,0.3
264,213,Raef LaFrentz,C,22,DEN,12,387,18.9,.553,.240,.372,9.5,17.9,13.6,3.8,1.2,3.1,5.7,18.6,,1.1,0.1,1.2,.144,,1.5,-1.7,-0.2,0.2
265,214,Andrew Lang,C,32,CHI,21,386,7.0,.367,.000,.232,9.6,19.3,14.2,6.1,0.7,2.4,13.5,15.4,,-0.5,0.3,-0.1,-0.017,,-6.8,-0.1,-6.9,-0.5
274,222,Luc Longley,C,30,PHO,39,933,13.5,.524,.000,.262,7.2,20.6,13.8,8.1,1.3,1.7,14.1,18.6,,0.8,1.0,1.8,.092,,-2.4,-0.1,-2.4,-0.1
302,245,Jelani McCoy,C,21,SEA,26,331,21.1,.704,.000,.553,9.3,18.3,13.8,2.2,1.8,4.5,9.6,14.3,,1.1,0.3,1.4,.201,,0.7,-0.1,0.6,0.2
303,246,Antonio McDyess,C,24,DEN,50,1937,21.7,.515,.010,.383,9.7,22.8,16.0,8.7,2.0,4.2,11.8,27.3,,2.9,1.3,4.2,.105,,0.1,0.6,0.7,1.3
305,248,Jim McIlvaine,C,26,NJN,22,269,9.5,.447,.000,.118,12.1,10.0,11.1,1.2,1.8,8.7,19.5,10.9,,0.0,0.3,0.3,.053,,-4.4,3.5,-0.9,0.1
311,254,Loren Meyer,C,26,DEN,14,70,-2.8,.277,.179,.071,6.4,20.5,13.2,2.4,0.0,3.1,12.2,21.3,,-0.3,0.0,-0.3,-0.190,,-10.9,-4.2,-15.1,-0.2
314,257,Brad Miller,C,22,CHH,38,469,21.2,.651,.014,.739,9.2,19.8,14.7,9.0,1.0,2.8,14.9,21.7,,1.6,0.5,2.1,.220,,1.1,-0.7,0.5,0.3
315,258,Oliver Miller,C,28,SAC,4,35,8.3,.455,.000,.000,21.2,3.0,12.1,0.0,0.0,3.6,26.7,18.3,,0.0,0.0,0.0,-0.052,,-5.9,-4.3,-10.2,-0.1
323,265,Nazr Mohammed,C,21,PHI,26,121,10.0,.410,.000,.500,17.0,18.6,17.8,3.0,2.2,2.6,19.0,23.7,,-0.2,0.2,0.0,.013,,-6.0,-1.5,-7.5,-0.2
324,266,Eric Montross,C,27,DET,46,577,9.1,.505,.013,.400,9.5,20.0,14.7,3.9,1.2,3.8,14.5,9.1,,0.4,0.9,1.3,.106,,-2.7,2.0,-0.7,0.2
325,267,Mikki Moore,C,23,DET,2,6,35.7,1.064,.000,2.000,0.0,20.5,10.2,0.0,0.0,0.0,0.0,14.9,,0.1,0.0,0.1,.527,,6.6,-6.5,0.1,0.0
327,269,Alonzo Mourning*,C,28,MIA,46,1753,24.6,.563,.003,.667,12.3,22.0,17.5,8.7,1.1,7.7,14.5,27.1,,4.0,3.9,7.9,.216,,1.0,3.8,4.8,3.0
330,272,Gheorghe Mureșan,C,27,NJN,1,1,-90.6,.000,.000,.000,0.0,0.0,0.0,0.0,0.0,0.0,50.0,88.3,,-0.1,0.0,-0.1,-2.519,,-73.8,-12.9,-86.7,0.0
333,275,Dikembe Mutombo*,C,32,ATL,50,1829,18.8,.584,.000,.843,12.4,26.5,19.5,5.7,0.5,6.0,16.9,14.3,,3.7,4.2,7.9,.206,,-0.1,4.7,4.6,3.0
337,279,Rasho Nesterović,C,22,MIN,2,30,3.5,.311,.000,.167,10.4,20.2,14.9,5.0,0.0,0.0,7.2,20.3,,-0.1,0.0,0.0,-0.049,,-7.9,-3.9,-11.8,-0.1
344,285,Shaquille O'Neal*,C,26,LAL,49,1705,30.6,.584,.001,.563,13.1,22.6,18.0,14.4,1.1,3.5,10.0,32.4,,7.2,1.9,9.0,.255,,6.2,0.1,6.3,3.6
346,287,Hakeem Olajuwon*,C,36,HOU,50,1784,23.1,.559,.018,.375,7.4,22.8,15.7,9.5,2.5,4.8,14.1,25.9,,3.2,3.3,6.5,.175,,0.0,2.8,2.9,2.2
351,290,Michael Olowokandi,C,23,LAC,45,1279,11.8,.445,.000,.296,10.5,23.2,16.5,3.4,1.1,3.2,15.9,19.0,,-0.8,0.5,-0.3,-0.010,,-4.1,-1.0,-5.1,-1.0
352,291,Greg Ostertag,C,25,UTA,48,1340,12.8,.523,.000,.582,10.3,20.6,15.8,2.8,0.5,7.4,14.7,10.9,,1.2,2.6,3.8,.136,,-2.5,4.3,1.8,1.3
361,297,Cherokee Parks,C,26,VAN,48,1118,9.5,.445,.004,.200,7.8,18.0,12.8,5.7,1.4,1.9,14.1,14.3,,-0.2,0.5,0.2,.010,,-3.9,-0.2,-4.1,-0.6
367,302,Will Perdue,C,33,SAS,37,445,11.7,.630,.000,.433,8.9,25.0,17.4,6.4,1.1,1.5,23.5,9.8,,0.5,1.0,1.5,.160,,-2.2,2.5,0.3,0.3
378,311,Scot Pollard,C,23,SAC,16,259,18.0,.576,.000,.377,15.5,17.8,16.7,2.3,1.5,4.4,6.6,12.5,,0.7,0.3,1.1,.200,,-0.1,0.7,0.6,0.2
379,312,Olden Polynice,C,34,SEA,48,1481,11.8,.461,.003,.263,14.2,19.0,16.6,4.7,0.7,1.5,10.9,13.7,,1.3,0.7,2.0,.065,,-1.7,-0.6,-2.3,-0.1
382,315,Vitaly Potapenko,C,23,TOT,50,1394,13.6,.520,.002,.376,9.3,18.6,13.9,9.4,1.3,2.0,17.2,19.1,,0.7,1.5,2.2,.076,,-1.8,0.5,-1.2,0.3
383,315,Vitaly Potapenko,C,23,CLE,17,467,10.5,.485,.008,.389,6.3,19.2,12.8,6.5,1.3,2.8,15.9,18.3,,-0.2,0.6,0.4,.041,,-3.9,0.9,-3.0,-0.1
384,315,Vitaly Potapenko,C,23,BOS,33,927,15.1,.535,.000,.371,10.7,18.3,14.4,10.9,1.4,1.6,17.8,19.5,,0.8,1.0,1.8,.094,,-0.7,0.4,-0.3,0.4
388,319,Bryant Reeves,C,25,VAN,25,702,10.4,.449,.004,.462,8.2,15.0,11.6,10.0,1.0,0.9,13.5,22.8,,-0.2,0.1,-0.1,-0.010,,-3.2,-2.1,-5.3,-0.6
403,329,Eric Riley,C,28,BOS,35,337,11.8,.577,.000,.574,11.7,21.6,16.5,5.8,1.4,5.6,27.8,12.4,,0.2,0.5,0.7,.102,,-3.6,2.6,-1.0,0.1
404,330,Stanley Roberts,C,28,HOU,6,33,9.7,.424,.000,.615,15.2,23.2,19.5,0.0,0.0,2.1,19.5,29.3,,-0.1,0.0,-0.1,-0.083,,-11.5,-8.5,-19.9,-0.1
406,332,David Robinson*,C,33,SAS,49,1554,24.9,.564,.002,.689,11.4,23.4,17.8,12.1,2.4,5.3,13.6,23.8,,4.0,4.4,8.4,.261,,2.2,5.3,7.4,3.7
414,338,Sean Rooks,C,29,LAL,36,315,9.1,.489,.025,.608,12.5,14.1,13.3,4.3,0.3,2.1,17.3,17.3,,0.2,0.2,0.3,.052,,-2.9,-2.1,-5.1,-0.2
419,342,Arvydas Sabonis*,C,34,POR,50,1349,20.4,.546,.050,.366,7.8,25.2,16.8,16.2,1.4,3.5,13.3,21.7,,3.0,2.9,5.8,.207,,1.0,3.3,4.3,2.1
421,344,Danny Schayes,C,39,ORL,19,143,1.9,.431,.000,.276,2.4,9.1,5.7,4.5,0.4,1.1,19.7,12.9,,-0.2,0.1,0.0,-0.008,,-7.1,-0.7,-7.8,-0.2
422,345,Dwayne Schintzius,C,30,BOS,16,67,0.7,.310,.000,.250,11.4,20.7,15.9,17.4,0.0,3.3,36.0,18.5,,-0.3,0.1,-0.2,-0.138,,-9.5,0.6,-9.0,-0.1
428,349,Rony Seikaly,C,33,NJN,9,88,0.5,.269,.000,.900,6.0,21.3,13.2,3.5,2.4,5.0,26.4,19.0,,-0.5,0.1,-0.3,-0.177,,-12.2,1.8,-10.4,-0.2
429,350,Charles Shackleford,C,32,CHH,32,367,12.1,.521,.000,.322,13.8,27.1,20.7,6.2,0.7,2.6,20.8,16.8,,0.1,0.5,0.7,.086,,-3.6,-0.2,-3.7,-0.2
431,352,Casey Shaw,C,23,PHI,9,14,-14.9,.125,.000,.000,24.4,0.0,12.5,0.0,0.0,0.0,20.0,32.4,,-0.1,0.0,-0.1,-0.498,,-18.0,-9.7,-27.8,-0.1
434,355,Dickey Simpkins,C,26,CHI,50,1448,13.4,.530,.003,.747,8.6,19.6,13.8,8.4,1.4,0.7,14.3,16.3,,1.5,1.3,2.9,.095,,-2.1,0.2,-2.0,0.0
439,360,Joe Smith,C,23,MIN,43,1418,16.6,.486,.006,.360,11.3,17.1,14.0,7.9,1.2,3.5,9.8,20.8,,2.0,1.7,3.7,.126,,-0.4,1.0,0.6,0.9
443,363,Rik Smits,C,32,IND,49,1271,20.2,.527,.003,.209,6.9,18.5,12.8,8.7,0.8,3.0,9.8,28.9,,2.3,1.2,3.4,.130,,0.4,-1.0,-0.6,0.5
445,365,Felton Spencer,C,31,GSW,26,159,9.8,.473,.000,.788,11.8,19.3,15.5,0.0,1.7,4.7,16.8,14.9,,0.0,0.3,0.3,.078,,-6.3,-0.8,-7.1,-0.2
450,370,Vladimir Stepania,C,22,SEA,23,313,11.3,.445,.024,.320,9.8,17.9,13.8,6.9,1.7,5.5,18.3,25.3,,-0.5,0.3,-0.1,-0.022,,-6.0,0.2,-5.8,-0.3
451,371,Michael Stewart,C,23,TOR,42,394,8.8,.477,.000,.472,12.5,16.7,14.6,2.0,0.5,5.4,15.8,8.7,,0.3,0.4,0.7,.079,,-3.6,0.2,-3.4,-0.1
460,380,Bruno Šundov,C,18,DAL,3,11,-8.8,.286,.000,.000,0.0,0.0,0.0,16.8,0.0,0.0,12.5,33.4,,-0.1,0.0,-0.1,-0.328,,-13.3,-10.3,-23.5,-0.1
465,384,John Thomas,C,23,TOR,39,593,13.7,.586,.008,.390,12.6,13.6,13.1,4.5,1.6,1.2,12.7,12.6,,1.2,0.4,1.5,.125,,0.2,-1.3,-1.1,0.1
471,388,Robert Traylor,C,21,MIL,49,786,17.0,.548,.005,.398,12.5,15.4,14.0,8.2,3.1,4.6,15.1,16.9,,1.3,1.2,2.5,.152,,0.8,3.2,4.1,1.2
478,395,Stojko Vranković,C,35,LAC,2,12,10.7,.250,.000,.000,37.2,20.9,29.5,0.0,0.0,0.0,0.0,15.1,,0.0,0.0,0.0,.011,,-3.5,-10.3,-13.7,0.0
481,398,Ben Wallace,C,24,WAS,46,1231,16.2,.539,.000,.663,12.7,23.9,18.2,2.3,2.2,5.5,12.3,11.0,,1.5,2.1,3.6,.142,,-1.3,3.4,2.1,1.3
492,408,Bill Wennington,C,35,CHI,38,451,7.0,.381,.006,.124,5.0,16.2,10.4,8.0,1.6,2.0,8.3,21.4,,-0.7,0.5,-0.3,-0.030,,-6.8,-1.1,-8.0,-0.7
495,411,Mark West,C,38,ATL,49,499,6.5,.381,.000,.763,11.6,17.7,14.7,4.4,0.5,3.3,17.7,9.0,,-0.1,0.8,0.7,.067,,-4.3,2.5,-1.8,0.0
507,422,Herb Williams,C,40,NYK,6,34,12.2,.563,.000,.250,10.8,10.0,10.4,0.0,0.0,4.6,18.4,15.4,,0.0,0.0,0.1,.094,,-4.6,-1.8,-6.5,0.0
508,423,Hot Rod Williams,C,36,DAL,25,403,7.4,.388,.000,.303,10.0,13.2,11.6,5.3,1.7,3.2,25.8,5.7,,0.0,0.3,0.4,.045,,-2.9,3.0,0.0,0.2
510,425,Jayson Williams,C,30,NJN,30,1020,14.5,.474,.009,.390,15.1,24.4,19.5,5.3,1.2,4.3,15.3,13.0,,0.9,1.3,2.2,.102,,-1.7,2.4,0.7,0.7
514,429,Scott Williams,C,30,TOT,7,46,7.3,.349,.000,.412,7.8,28.4,18.3,3.2,3.6,3.5,16.6,24.8,,-0.2,0.1,-0.1,-0.054,,-11.8,-2.2,-13.9,-0.1
515,429,Scott Williams,C,30,PHI,2,17,-1.3,.000,.000,.000,6.7,7.0,6.8,8.6,6.4,4.7,50.0,10.7,,-0.1,0.0,0.0,-0.124,,-10.0,8.0,-2.0,0.0
516,429,Scott Williams,C,30,MIL,5,29,12.2,.387,.000,.467,8.4,41.0,25.0,0.0,1.9,2.8,10.0,33.1,,-0.1,0.1,0.0,-0.013,,-12.8,-8.2,-21.0,-0.1
521,434,Kevin Willis,C,36,TOR,42,1216,15.6,.489,.004,.347,10.3,23.2,16.7,10.3,1.2,1.8,14.3,22.4,,1.1,1.2,2.4,.093,,-1.5,-0.8,-2.3,-0.1
523,436,Trevor Winter,C,25,MIN,1,5,-4.3,,,,20.8,48.5,33.6,0.0,0.0,0.0,,0.0,,0.0,0.0,0.0,.202,,-7.8,-4.0,-11.8,0.0
526,439,Lorenzen Wright,C,23,LAC,48,1135,14.7,.512,.004,.450,14.0,24.2,18.8,4.8,1.2,2.4,13.4,14.4,,1.7,0.5,2.2,.093,,-0.8,-0.5,-1.3,0.2
