,Rk,Player,Pos,Age,Tm,G,MP,PER,TS%,3PAr,FTr,ORB%,DRB%,TRB%,AST%,STL%,BLK%,TOV%,USG%,Unnamed: 19,OWS,DWS,WS,WS/48,Unnamed: 24,OBPM,DBPM,BPM,VORP
7,6,John Amaechi,C,29,ORL,80,1684,13.2,.505,.009,.416,4.0,13.2,8.6,9.1,1.0,1.5,14.4,24.1,,0.6,1.8,2.4,.067,,-2.7,-0.9,-3.6,-0.7
12,11,Chris Anstey,C,25,CHI,73,1007,15.1,.512,.016,.404,10.3,22.5,16.3,13.2,1.5,1.8,15.7,23.1,,0.6,1.3,1.9,.090,,-2.4,-0.2,-2.5,-0.1
18,17,Isaac Austin,C,30,WAS,59,1173,10.2,.481,.011,.389,6.2,21.7,13.8,10.0,0.8,2.3,20.6,19.6,,-0.9,0.9,0.0,.001,,-4.4,0.4,-4.0,-0.6
23,21,Vin Baker,C,28,SEA,79,2849,14.0,.500,.007,.365,8.6,14.7,11.6,8.6,0.8,1.6,14.0,23.6,,1.2,2.2,3.5,.059,,-2.1,-0.7,-2.8,-0.6
31,27,Tony Battie,C,23,BOS,82,1505,15.1,.515,.017,.329,10.9,20.6,15.5,6.7,1.6,3.5,11.3,17.1,,2.0,1.7,3.8,.120,,-1.4,0.8,-0.6,0.5
33,29,Benoit Benjamin,C,35,CLE,3,8,5.5,.333,.000,.000,0.0,14.1,7.0,0.0,0.0,9.0,0.0,16.3,,0.0,0.0,0.0,-0.036,,-10.6,-0.4,-11.0,0.0
45,39,Calvin Booth,C,23,WAS,11,143,11.9,.403,.000,.304,11.9,13.8,12.9,7.6,1.1,7.1,10.3,18.0,,0.0,0.2,0.1,.043,,-3.5,2.2,-1.3,0.0
57,46,Shawn Bradley,C,27,DAL,77,1901,17.0,.521,.009,.268,9.1,18.9,14.0,4.7,1.9,6.8,10.7,16.1,,2.3,2.7,5.1,.128,,-1.5,3.2,1.8,1.8
58,47,A.J. Bramlett,C,23,CLE,8,61,-0.4,.190,.000,.000,21.7,18.5,20.1,0.0,0.8,0.0,12.5,17.1,,-0.2,0.1,-0.2,-0.129,,-10.5,-6.3,-16.8,-0.2
78,64,Michael Cage,C,38,NJN,20,242,12.6,.533,.000,.125,14.6,22.8,18.6,5.3,1.7,2.3,13.6,5.4,,0.4,0.3,0.7,.140,,-1.5,2.0,0.5,0.2
79,65,Marcus Camby,C,25,NYK,59,1548,19.0,.529,.004,.469,13.7,21.3,17.7,5.4,1.5,5.7,11.2,19.6,,2.6,3.2,5.9,.182,,-0.4,3.4,3.0,2.0
80,66,Elden Campbell,C,31,CHH,78,2538,14.6,.500,.007,.432,7.6,18.3,13.1,8.5,1.1,4.1,11.4,19.7,,1.7,3.9,5.5,.105,,-2.1,1.9,-0.2,1.2
88,72,Kelvin Cato,C,25,HOU,65,1581,15.9,.574,.010,.517,7.4,19.9,13.8,2.7,1.1,5.1,12.6,15.7,,2.3,2.0,4.2,.128,,-2.1,1.2,-1.0,0.4
89,73,Duane Causwell,C,31,MIA,25,185,14.1,.614,.000,1.027,7.2,21.5,14.7,1.7,0.6,6.3,15.7,16.1,,0.3,0.4,0.7,.171,,-3.9,0.8,-3.2,-0.1
101,81,Keon Clark,C,24,DEN,81,1850,15.9,.573,.015,.333,9.5,20.4,14.9,6.2,1.2,4.2,17.1,17.2,,2.0,2.2,4.2,.109,,-1.5,1.4,-0.1,0.9
102,82,Keith Closs,C,23,LAC,57,820,14.1,.514,.015,.396,8.5,16.0,12.2,5.0,0.8,6.0,12.8,14.4,,0.6,0.5,1.1,.062,,-3.3,0.8,-2.5,-0.1
105,85,Marty Conlon,C,32,LAC,3,9,9.6,.500,.000,.000,12.0,12.8,12.4,0.0,0.0,0.0,0.0,9.9,,0.0,0.0,0.0,.060,,-3.9,-6.5,-10.3,0.0
117,95,Erick Dampier,C,24,GSW,21,495,9.6,.427,.000,.295,9.6,19.5,14.2,6.2,0.8,2.1,12.9,19.1,,-0.3,0.3,-0.1,-0.006,,-4.8,-1.3,-6.1,-0.5
122,98,Antonio Davis,C,31,TOR,79,2479,15.1,.520,.000,.521,10.3,21.5,15.7,6.7,0.8,2.8,12.1,17.8,,3.5,2.6,6.1,.118,,-1.4,0.3,-1.1,0.6
126,101,Dale Davis,C,30,IND,74,2127,17.4,.537,.000,.337,14.0,24.0,19.2,4.8,1.3,2.9,11.6,16.7,,3.8,3.3,7.1,.161,,-0.1,1.7,1.6,2.0
132,107,Andrew DeClercq,C,26,CLE,82,1831,11.4,.530,.000,.361,9.4,17.5,13.4,5.1,1.7,2.6,17.4,14.8,,0.6,2.3,2.9,.077,,-2.7,1.5,-1.1,0.4
137,112,Vlade Divac*,C,31,SAC,82,2374,18.0,.552,.034,.436,7.6,21.3,14.4,15.4,2.1,2.8,17.3,19.3,,3.0,4.1,7.2,.145,,-0.1,3.5,3.4,3.2
138,113,Michael Doleac,C,22,ORL,81,1335,13.3,.490,.004,.178,7.3,20.0,13.6,7.6,1.1,1.8,10.1,20.2,,1.1,1.9,3.0,.106,,-2.2,0.0,-2.3,-0.1
141,116,Chris Dudley,C,34,NYK,47,459,6.1,.349,.000,.403,16.8,18.3,17.6,1.6,0.8,3.5,18.6,10.0,,-0.2,0.7,0.5,.056,,-4.8,1.5,-3.3,-0.1
152,124,Pervis Ellison,C,32,BOS,30,269,9.0,.507,.000,.488,11.7,17.0,14.2,6.9,1.9,2.2,19.9,10.5,,0.2,0.3,0.5,.088,,-2.4,1.2,-1.2,0.1
153,125,Evan Eschmeyer,C,24,NJN,31,373,11.8,.534,.000,.417,11.5,21.0,16.1,8.7,1.1,3.9,19.8,12.7,,0.3,0.4,0.7,.095,,-2.6,1.7,-0.8,0.1
154,126,Patrick Ewing*,C,37,NYK,62,2035,16.9,.516,.003,.365,8.4,26.2,17.6,5.2,1.0,3.1,13.6,24.3,,0.9,3.9,4.8,.113,,-2.8,1.2,-1.6,0.2
156,128,Jamie Feick,C,25,NJN,81,2241,12.3,.477,.007,.314,12.6,25.2,18.7,4.5,1.0,1.2,10.9,10.8,,2.6,2.3,4.8,.103,,-2.1,0.5,-1.7,0.2
162,134,Jeff Foster,C,23,IND,19,86,25.6,.632,.043,1.087,16.3,25.1,20.9,9.4,3.0,0.8,5.6,19.0,,0.5,0.2,0.6,.345,,4.7,0.9,5.6,0.2
164,136,Adonal Foyle,C,24,GSW,76,1654,12.3,.500,.000,.237,10.4,16.9,13.5,4.0,0.8,5.8,14.5,12.5,,0.7,1.2,1.9,.055,,-3.3,1.6,-1.7,0.1
166,138,Todd Fuller,C,25,CHH,41,399,9.6,.461,.000,.434,10.4,20.4,15.5,2.0,1.2,1.4,15.7,19.4,,-0.3,0.5,0.2,.029,,-6.3,-2.3,-8.6,-0.7
170,141,Dean Garrett,C,33,MIN,56,604,9.0,.477,.000,.241,7.8,19.3,13.5,4.3,0.7,4.8,15.0,10.5,,0.2,0.8,1.0,.077,,-4.4,1.8,-2.6,-0.1
176,145,Matt Geiger,C,30,PHI,65,1406,13.9,.483,.007,.238,11.9,18.6,15.2,4.9,1.1,1.1,12.3,23.1,,0.6,2.0,2.6,.088,,-2.5,-1.1,-3.6,-0.6
190,159,Thomas Hamilton,C,24,HOU,22,273,11.4,.460,.000,.291,13.0,23.7,18.5,8.7,0.7,3.3,23.9,18.8,,-0.3,0.3,0.0,.002,,-5.2,0.5,-4.7,-0.2
243,201,Ervin Johnson,C,32,MIL,80,2129,12.7,.550,.004,.563,12.8,22.7,17.8,2.8,2.0,4.5,18.7,8.9,,2.4,2.6,4.9,.111,,-1.0,2.7,1.7,2.0
254,210,Adam Keefe,C,29,UTA,62,604,7.6,.463,.008,.277,9.3,18.0,13.7,8.5,1.5,1.7,24.0,14.7,,-0.4,0.8,0.4,.030,,-4.3,1.5,-2.8,-0.1
255,211,Shawn Kemp,C,30,CLE,82,2492,17.2,.508,.005,.547,10.2,22.4,16.3,10.0,2.0,2.8,16.8,30.2,,0.2,3.8,4.0,.077,,-2.3,0.8,-1.6,0.3
264,218,Joe Kleine,C,38,POR,7,31,6.8,.446,.000,.273,0.0,21.6,11.4,10.2,1.7,0.0,14.0,21.3,,0.0,0.1,0.0,.040,,-6.7,-0.8,-7.5,0.0
266,220,Travis Knight,C,25,LAL,63,410,9.5,.418,.000,.237,12.2,21.4,16.9,8.3,0.8,3.9,16.6,16.7,,-0.2,0.8,0.6,.074,,-4.9,1.8,-3.1,-0.1
271,222,Christian Laettner,C,30,DET,82,2443,14.8,.539,.030,.365,8.3,17.9,13.1,12.4,1.7,1.3,16.7,20.1,,2.7,2.4,5.1,.100,,-0.3,0.7,0.4,1.5
272,223,Raef LaFrentz,C,23,DEN,81,2435,16.3,.512,.208,.268,7.5,21.2,14.3,6.5,0.9,5.0,8.9,19.3,,2.9,3.0,5.9,.116,,-0.7,1.2,0.6,1.6
273,224,Andrew Lang,C,33,NYK,19,244,10.3,.440,.000,.109,8.0,20.7,14.6,2.0,1.8,1.9,6.9,14.0,,0.0,0.4,0.4,.086,,-4.5,0.8,-3.6,-0.1
285,234,Luc Longley,C,31,PHO,72,1417,8.8,.512,.000,.243,8.0,17.2,12.7,8.4,0.8,2.1,23.5,18.0,,-0.9,2.2,1.3,.044,,-4.7,1.1,-3.5,-0.6
289,238,Todd MacCulloch,C,24,PHI,56,528,16.1,.557,.000,.335,9.9,20.8,15.3,4.2,1.1,5.1,12.3,17.5,,0.7,1.0,1.7,.150,,-2.3,1.5,-0.8,0.2
310,258,Jelani McCoy,C,22,SEA,58,746,13.2,.574,.000,.514,7.8,18.6,13.1,5.0,1.0,4.3,17.2,15.5,,0.6,0.9,1.5,.099,,-3.4,0.9,-2.6,-0.1
314,261,Jim McIlvaine,C,27,NJN,66,1048,10.0,.439,.000,.364,10.9,13.6,12.2,5.0,1.3,7.7,17.5,9.2,,0.3,1.2,1.5,.068,,-3.5,4.3,0.8,0.7
324,269,Brad Miller,C,23,CHH,55,961,18.9,.558,.007,.666,13.5,20.6,17.1,7.8,1.2,2.5,11.2,19.9,,2.4,1.4,3.8,.192,,0.0,0.1,0.0,0.5
325,270,Oliver Miller,C,29,PHO,51,1088,15.5,.609,.000,.313,9.1,17.5,13.4,9.5,2.0,5.3,21.8,13.7,,1.1,2.3,3.4,.152,,-1.3,4.8,3.4,1.5
332,277,Nazr Mohammed,C,22,PHI,28,190,7.0,.424,.000,.407,9.2,20.1,14.5,1.6,1.1,4.6,22.0,18.9,,-0.4,0.3,-0.1,-0.016,,-8.4,0.4,-8.1,-0.3
333,278,Eric Montross,C,28,DET,51,332,0.2,.332,.000,.218,6.3,18.8,12.6,2.9,0.9,2.0,26.7,10.9,,-0.7,0.3,-0.4,-0.058,,-7.9,0.1,-7.8,-0.5
334,279,Mikki Moore,C,24,DET,29,488,19.6,.671,.000,.486,10.5,16.1,13.3,5.9,0.9,4.6,11.9,17.4,,1.7,0.5,2.2,.218,,1.8,0.3,2.1,0.5
335,280,Alonzo Mourning*,C,29,MIA,79,2748,25.8,.596,.003,.492,9.5,21.6,15.9,8.7,0.8,7.8,13.1,28.1,,7.3,5.6,12.9,.226,,1.7,2.9,4.6,4.6
339,283,Gheorghe Mureșan,C,28,NJN,30,267,11.8,.492,.000,.422,9.6,19.0,14.1,5.6,0.0,3.1,13.0,20.5,,0.1,0.2,0.3,.052,,-4.3,-2.2,-6.4,-0.3
342,286,Dikembe Mutombo*,C,33,ATL,82,2984,19.4,.621,.000,.735,11.2,31.3,21.2,5.4,0.5,5.9,18.7,13.8,,5.6,4.3,9.9,.160,,-0.4,3.2,2.8,3.6
345,289,Rasho Nesterović,C,23,MIN,82,1723,11.0,.492,.005,.238,9.0,16.6,12.8,7.8,0.6,3.6,12.9,14.4,,1.0,1.9,3.0,.082,,-2.3,1.2,-1.1,0.4
349,293,Jermaine O'Neal,C,21,POR,70,859,13.3,.515,.005,.441,14.0,17.2,15.7,3.3,0.7,4.7,15.1,16.8,,0.7,1.4,2.1,.117,,-2.5,0.6,-1.9,0.0
350,294,Shaquille O'Neal*,C,27,LAL,79,3163,30.6,.578,.001,.495,11.5,24.8,18.3,19.3,0.6,5.3,9.9,31.2,,11.7,7.0,18.6,.283,,6.2,3.5,9.7,9.3
353,297,Hakeem Olajuwon*,C,37,HOU,44,1049,16.7,.484,.005,.266,7.1,21.9,14.6,10.2,2.0,4.4,13.4,22.7,,0.0,1.6,1.6,.072,,-3.0,2.0,-1.0,0.3
355,299,Michael Olowokandi,C,24,LAC,80,2493,10.4,.467,.000,.250,8.4,21.4,14.7,2.6,0.7,3.8,17.4,18.1,,-2.2,1.4,-0.8,-0.016,,-5.4,-0.7,-6.2,-2.6
356,300,Greg Ostertag,C,26,UTA,81,1606,13.5,.525,.004,.700,13.3,23.0,18.3,1.7,0.7,8.2,18.4,12.3,,1.2,3.0,4.2,.124,,-3.2,3.5,0.3,0.9
367,308,Cherokee Parks,C,27,VAN,56,808,11.9,.521,.007,.255,8.1,19.1,13.6,6.8,1.9,4.0,14.8,10.7,,0.6,0.8,1.4,.086,,-2.5,2.0,-0.5,0.3
372,313,Will Perdue,C,34,CHI,67,1012,6.6,.392,.000,.625,10.0,20.5,15.1,10.9,0.7,3.1,26.7,13.2,,-1.6,1.1,-0.5,-0.023,,-6.7,1.6,-5.1,-0.8
382,322,Scot Pollard,C,24,SAC,76,1336,15.8,.584,.000,.562,13.0,18.5,15.8,4.5,2.0,2.9,12.4,12.6,,2.9,2.2,5.1,.183,,-0.2,2.2,2.0,1.4
383,323,Olden Polynice,C,35,UTA,82,1819,10.4,.497,.005,.226,11.4,18.8,15.2,3.2,0.9,3.5,13.8,12.9,,0.7,2.5,3.2,.084,,-2.3,1.6,-0.7,0.6
386,326,Vitaly Potapenko,C,24,BOS,79,1797,13.8,.527,.002,.260,11.0,21.2,15.8,7.1,1.2,1.2,17.5,20.0,,1.0,1.5,2.5,.066,,-2.1,-0.8,-3.0,-0.4
389,329,Aleksandar Radojević,C,23,TOR,3,24,2.4,.363,.000,.857,9.0,29.0,18.7,6.2,4.3,2.9,34.2,27.0,,-0.2,0.1,-0.1,-0.202,,-13.4,1.9,-11.5,-0.1
392,332,Bryant Reeves,C,26,VAN,69,1773,10.6,.481,.007,.294,8.4,18.0,13.2,7.9,1.0,1.5,15.8,19.3,,-0.2,0.9,0.6,.017,,-3.2,-1.1,-4.2,-1.0
402,340,Stanley Roberts,C,29,PHI,5,51,3.0,.289,.063,.188,12.8,19.8,16.2,9.0,1.0,1.4,10.4,16.6,,-0.1,0.1,0.0,-0.025,,-5.9,0.4,-5.6,0.0
406,343,David Robinson*,C,34,SAS,80,2557,24.6,.568,.002,.496,9.0,24.5,17.1,10.3,2.0,4.9,11.6,25.6,,6.2,6.4,12.7,.238,,1.6,3.9,5.5,4.8
410,347,Carlos Rogers,C,28,HOU,53,1101,15.2,.549,.043,.423,10.2,17.6,14.0,6.3,0.6,2.0,14.1,17.8,,1.4,0.8,2.2,.096,,-1.3,-0.9,-2.2,0.0
413,350,Sean Rooks,C,30,DAL,71,1001,11.8,.480,.000,.314,8.9,17.7,13.3,9.9,1.5,3.5,17.8,17.3,,0.0,1.0,1.1,.051,,-3.2,1.3,-2.0,0.0
418,355,Arvydas Sabonis*,C,35,POR,66,1688,20.3,.568,.032,.331,7.1,27.6,17.9,12.0,1.4,3.4,12.4,21.4,,3.6,3.5,7.1,.203,,0.2,2.6,2.8,2.1
419,356,John Salley,C,35,LAL,45,303,8.3,.437,.000,.406,7.2,15.7,11.5,12.1,1.4,3.2,18.1,14.4,,-0.1,0.6,0.5,.083,,-4.4,2.3,-2.1,0.0
427,363,Joe Smith,C,24,MIN,78,1975,14.4,.525,.002,.414,10.8,17.7,14.3,6.7,1.2,3.1,13.9,19.5,,2.2,2.5,4.7,.114,,-1.3,0.6,-0.7,0.7
430,366,Rik Smits,C,33,IND,79,1852,17.3,.518,.001,.237,5.9,17.9,12.1,8.5,0.6,3.6,9.9,26.8,,1.6,2.2,3.8,.099,,-1.9,-0.1,-2.1,0.0
432,368,Felton Spencer,C,32,SAS,26,149,13.6,.541,.000,.909,12.0,17.5,14.9,3.1,2.1,3.7,16.3,17.1,,0.2,0.3,0.5,.159,,-2.6,1.6,-1.0,0.0
439,373,Vladimir Stepania,C,23,SEA,30,202,6.7,.395,.076,.456,11.3,14.3,12.7,2.3,2.5,3.8,18.8,25.5,,-0.6,0.3,-0.3,-0.080,,-8.6,-1.2,-9.8,-0.4
441,375,Michael Stewart,C,24,TOR,42,389,5.4,.432,.000,.604,9.2,18.2,13.5,2.2,0.7,3.4,20.2,9.6,,-0.1,0.4,0.2,.030,,-5.9,0.1,-5.8,-0.4
451,384,Bruno Šundov,C,19,DAL,14,61,7.8,.408,.000,.065,8.9,12.3,10.6,5.3,1.7,2.2,11.1,26.0,,-0.1,0.0,-0.1,-0.050,,-6.2,-2.8,-9.0,-0.1
454,387,Žan Tabak,C,29,IND,18,114,13.6,.493,.000,.235,16.4,15.2,15.7,5.6,1.4,5.2,22.7,19.3,,0.0,0.2,0.1,.054,,-3.4,1.8,-1.6,0.0
463,392,John Thomas,C,24,TOR,55,477,6.5,.456,.009,.383,8.4,9.2,8.8,2.9,1.3,2.1,10.1,12.9,,0.1,0.3,0.4,.038,,-3.9,-1.0,-5.0,-0.4
490,416,Bill Wennington,C,36,SAC,7,57,7.6,.352,.000,.105,9.1,25.8,17.4,2.4,1.7,2.3,4.8,15.3,,0.0,0.1,0.1,.050,,-6.9,-0.2,-7.1,-0.1
493,419,Mark West,C,39,PHO,22,127,4.3,.483,.000,.667,5.4,21.5,13.6,2.1,0.8,2.3,27.9,7.5,,-0.1,0.2,0.2,.061,,-6.8,1.4,-5.5,-0.1
494,420,Jahidi White,C,23,WAS,80,1537,15.7,.524,.000,.469,15.0,26.6,20.7,1.6,1.0,3.9,14.8,18.4,,1.3,1.9,3.2,.101,,-2.7,-1.1,-3.8,-0.7
504,429,Scott Williams,C,31,MIL,68,1488,15.6,.539,.000,.303,14.0,21.2,17.6,2.9,1.4,3.3,11.9,16.4,,2.5,1.4,3.9,.124,,-0.7,-0.6,-1.3,0.3
515,438,Lorenzen Wright,C,24,ATL,75,1205,13.9,.533,.008,.374,10.6,17.1,13.9,2.9,1.3,2.2,13.6,17.9,,1.3,0.9,2.2,.088,,-1.9,-1.3,-3.2,-0.4
516,439,Tim Young,C,23,GSW,25,137,11.7,.492,.000,.923,9.4,18.0,13.4,5.5,0.7,0.5,14.1,19.6,,0.1,0.0,0.2,.058,,-4.4,-3.5,-7.9,-0.2
