,Rk,Player,Pos,Age,Tm,G,MP,PER,TS%,3PAr,FTr,ORB%,DRB%,TRB%,AST%,STL%,BLK%,TOV%,USG%,Unnamed: 19,OWS,DWS,WS,WS/48,Unnamed: 24,OBPM,DBPM,BPM,VORP
9,8,John Amaechi,C,30,ORL,82,1710,8.7,.455,.012,.471,4.9,12.7,8.7,7.0,0.8,1.2,14.8,21.7,,-1.3,1.4,0.0,.001,,-5.1,-1.8,-6.9,-2.1
18,17,Isaac Austin,C,31,VAN,52,845,8.3,.393,.089,.148,6.8,23.1,15.0,11.2,1.2,1.9,15.8,18.5,,-1.3,0.9,-0.5,-0.026,,-5.8,0.6,-5.2,-0.7
20,19,Dalibor Bagarić,C,20,CHI,35,259,3.3,.304,.015,.431,9.7,16.2,12.8,6.2,1.9,4.6,21.4,17.6,,-0.9,0.2,-0.7,-0.121,,-9.3,0.6,-8.7,-0.4
27,25,Tony Battie,C,24,BOS,40,845,15.2,.562,.015,.343,9.7,23.1,16.1,3.3,1.7,5.4,13.8,14.4,,1.0,1.3,2.3,.131,,-2.9,1.8,-1.2,0.2
39,35,Mark Blount,C,25,BOS,64,1098,11.1,.541,.000,.330,9.9,14.9,12.3,4.8,1.8,5.3,21.3,12.0,,0.5,1.4,1.9,.084,,-3.4,2.6,-0.8,0.3
42,38,Calvin Booth,C,24,TOT,55,933,16.1,.512,.000,.310,9.5,21.1,15.2,7.4,1.6,8.5,15.6,16.3,,0.6,1.4,2.1,.106,,-2.6,4.1,1.5,0.8
43,38,Calvin Booth,C,24,WAS,40,640,14.7,.482,.000,.268,9.5,22.5,15.9,5.9,1.4,9.1,16.1,15.6,,0.1,0.9,1.0,.074,,-3.7,3.8,0.1,0.3
44,38,Calvin Booth,C,24,DAL,15,293,18.9,.568,.000,.393,9.4,17.8,13.7,10.4,2.1,7.3,14.7,17.9,,0.5,0.6,1.1,.176,,-0.1,4.5,4.5,0.5
51,44,Shawn Bradley,C,28,DAL,82,2001,16.2,.551,.013,.398,9.2,24.4,17.0,2.8,0.9,8.1,14.3,13.9,,2.5,3.8,6.3,.151,,-2.5,3.8,1.3,1.7
58,49,P.J. Brown,C,31,CHH,80,2811,13.3,.518,.007,.373,10.5,19.6,15.1,7.3,1.5,2.4,14.2,12.5,,3.4,4.7,8.0,.137,,-1.3,2.8,1.5,2.5
71,60,Marcus Camby,C,26,NYK,63,2127,20.9,.559,.014,.388,11.5,29.0,20.5,4.5,1.7,5.2,8.5,17.0,,4.8,5.5,10.3,.233,,0.1,4.1,4.2,3.3
79,67,Kelvin Cato,C,26,HOU,35,624,13.0,.606,.000,.514,8.9,17.0,13.1,2.8,1.1,3.4,15.5,11.9,,1.0,0.7,1.7,.128,,-1.4,0.8,-0.6,0.2
80,68,Duane Causwell,C,32,MIA,31,384,4.8,.396,.000,.294,7.1,18.6,12.8,2.2,1.1,3.6,19.3,15.0,,-0.7,0.7,0.0,.002,,-8.2,1.4,-6.8,-0.5
93,75,John Coker,C,29,GSW,6,32,-2.8,.125,.000,.000,9.2,7.2,8.3,8.8,1.6,0.0,20.0,13.2,,-0.1,0.0,-0.1,-0.192,,-9.7,-1.4,-11.1,-0.1
96,78,Jason Collier,C,23,HOU,23,222,7.4,.435,.014,.338,6.4,12.7,9.6,4.4,0.5,0.9,11.9,19.2,,-0.1,0.1,0.0,-0.001,,-5.2,-2.8,-8.0,-0.3
112,89,Erick Dampier,C,25,GSW,43,1038,10.0,.432,.006,.401,9.2,17.0,12.8,9.2,0.8,4.0,18.2,18.4,,-1.0,0.6,-0.5,-0.021,,-4.7,0.5,-4.2,-0.6
117,92,Antonio Davis,C,32,TOR,78,2729,16.5,.508,.001,.488,11.0,21.7,16.2,6.2,0.4,3.9,11.4,19.5,,4.2,3.1,7.2,.127,,-0.9,0.8,-0.1,1.3
119,94,Dale Davis,C,31,POR,81,2162,15.1,.524,.008,.312,13.3,19.9,16.7,7.4,1.1,2.6,10.8,13.4,,3.8,2.8,6.6,.147,,0.2,1.5,1.7,2.0
127,100,Andrew DeClercq,C,27,ORL,67,903,12.8,.570,.000,.425,10.9,18.3,14.5,5.6,2.3,2.7,18.2,13.7,,1.0,1.4,2.5,.132,,-1.7,1.6,-0.2,0.4
135,105,Vlade Divac*,C,32,SAC,81,2420,17.7,.536,.019,.464,9.5,20.2,15.0,15.2,1.8,2.6,17.4,20.1,,3.1,4.3,7.4,.147,,-0.1,2.9,2.8,2.9
136,106,Michael Doleac,C,23,ORL,77,1398,9.9,.443,.006,.112,5.4,16.5,10.8,7.8,1.4,2.2,9.6,19.4,,-0.2,1.7,1.5,.050,,-4.2,-0.3,-4.4,-0.9
140,110,Chris Dudley,C,35,PHO,53,613,7.2,.405,.000,.493,11.6,22.4,16.9,4.2,1.2,3.4,22.6,8.4,,-0.2,1.2,1.0,.079,,-5.3,3.1,-2.2,0.0
152,120,Pervis Ellison,C,33,SEA,9,40,2.4,.381,.000,.286,5.8,28.6,17.2,10.5,0.0,3.6,27.6,12.3,,-0.1,0.0,0.0,-0.013,,-7.6,1.0,-6.6,0.0
154,121,Evan Eschmeyer,C,25,NJN,74,1331,10.8,.512,.000,.510,11.3,20.5,15.8,4.7,1.6,3.3,17.8,10.1,,1.1,1.5,2.5,.091,,-2.9,1.7,-1.2,0.3
155,122,Patrick Ewing*,C,38,SEA,79,2107,12.9,.478,.003,.367,6.8,25.0,15.9,7.0,1.3,3.1,16.0,20.3,,-0.5,2.5,2.0,.046,,-4.1,0.6,-3.4,-0.8
156,123,Jamie Feick,C,26,NJN,6,149,10.2,.389,.000,.522,9.0,34.9,21.6,5.2,2.8,1.5,19.8,10.7,,-0.1,0.3,0.2,.050,,-6.1,2.2,-3.8,-0.1
162,129,Greg Foster,C,32,LAL,62,451,9.5,.449,.068,.105,7.3,20.6,14.0,10.8,1.0,1.9,15.2,16.3,,0.0,0.4,0.4,.044,,-3.9,-0.6,-4.5,-0.3
163,130,Jeff Foster,C,24,IND,71,1152,12.5,.492,.033,.427,14.6,23.4,19.1,4.6,1.8,1.7,17.0,12.4,,0.8,1.9,2.7,.113,,-2.5,1.1,-1.4,0.2
165,132,Adonal Foyle,C,25,GSW,58,1457,12.4,.422,.000,.181,10.5,19.7,14.7,5.2,1.1,7.6,16.3,14.0,,-0.8,1.5,0.7,.022,,-4.8,3.2,-1.6,0.2
167,134,Todd Fuller,C,26,MIA,10,77,9.3,.363,.000,.229,10.8,17.0,13.9,2.4,2.1,2.0,7.2,26.1,,-0.1,0.1,0.0,-0.002,,-8.1,-2.2,-10.3,-0.2
174,139,Dean Garrett,C,34,MIN,70,831,12.5,.511,.000,.250,8.8,21.1,14.9,4.1,1.6,4.2,12.6,10.8,,0.7,1.2,1.9,.109,,-3.1,1.8,-1.3,0.2
178,142,Matt Geiger,C,31,PHI,35,542,11.5,.430,.009,.241,10.6,18.2,14.5,4.5,1.2,1.1,9.2,22.8,,-0.1,0.8,0.7,.065,,-4.0,-1.5,-5.5,-0.5
185,149,Brian Grant,C,28,MIA,82,2771,17.5,.536,.001,.350,9.3,21.5,15.4,7.2,1.2,2.0,12.7,23.4,,3.7,5.0,8.7,.151,,-1.2,1.0,-0.2,1.2
194,158,Zendon Hamilton,C,25,LAC,3,19,5.7,.359,.000,.889,18.6,29.3,24.1,0.0,0.0,0.0,13.8,35.3,,-0.1,0.0,0.0,-0.119,,-12.8,-11.8,-24.6,-0.1
202,165,Othella Harrington,C,27,TOT,74,1815,12.0,.549,.006,.442,9.0,15.7,12.4,5.3,1.0,1.8,19.3,19.2,,0.8,1.7,2.5,.067,,-2.7,0.0,-2.7,-0.3
203,165,Othella Harrington,C,27,VAN,44,1267,11.7,.529,.008,.399,9.3,16.8,13.1,4.9,0.8,1.4,18.6,20.1,,0.1,0.8,0.9,.035,,-3.2,-0.9,-4.1,-0.7
204,165,Othella Harrington,C,27,NYK,30,548,12.9,.609,.000,.579,8.4,13.3,10.9,6.4,1.5,2.8,21.3,17.2,,0.7,0.9,1.6,.140,,-1.5,2.1,0.5,0.4
227,185,Zydrunas Ilgauskas,C,25,CLE,24,616,16.0,.524,.009,.333,12.3,17.8,15.0,5.4,1.3,4.4,18.3,24.1,,0.1,0.7,0.7,.056,,-2.1,0.0,-2.1,0.0
234,190,Marc Jackson,C,26,GSW,48,1410,16.1,.534,.045,.378,8.3,19.8,13.6,7.3,1.2,1.4,13.6,20.5,,1.9,0.7,2.6,.089,,-1.1,-1.2,-2.4,-0.1
247,199,Ervin Johnson,C,33,MIL,82,1981,11.2,.557,.000,.470,11.8,23.2,17.5,2.8,1.2,3.6,16.4,6.5,,2.6,2.5,5.1,.123,,-1.5,2.1,0.6,1.3
254,205,Garth Joseph,C,27,TOT,4,16,-5.0,.170,.000,.400,13.7,0.0,7.0,9.8,0.0,4.3,25.4,22.0,,-0.1,0.0,-0.1,-0.345,,-12.3,-1.9,-14.2,0.0
255,205,Garth Joseph,C,27,TOR,2,8,11.3,.500,.000,.000,27.5,0.0,14.1,19.6,0.0,0.0,33.3,16.8,,0.0,0.0,0.0,.017,,1.0,-2.3,-1.3,0.0
256,205,Garth Joseph,C,27,DEN,2,8,-21.3,.000,.000,.667,0.0,0.0,0.0,0.0,0.0,8.6,20.5,27.2,,-0.1,0.0,-0.1,-0.707,,-25.5,-1.6,-27.1,-0.1
267,214,Travis Knight,C,26,NYK,45,256,0.9,.238,.019,.340,9.3,15.6,12.5,3.0,1.1,3.5,14.1,13.5,,-0.7,0.5,-0.3,-0.049,,-8.6,1.8,-6.8,-0.3
272,216,Christian Laettner,C,31,DAL,53,930,16.7,.554,.009,.254,9.2,16.0,12.7,12.0,2.2,2.1,16.3,21.0,,1.3,1.3,2.6,.134,,0.0,1.2,1.2,0.8
274,217,Raef LaFrentz,C,24,DEN,78,2457,17.6,.544,.171,.323,7.6,19.4,13.4,7.3,0.8,5.8,9.5,18.6,,4.3,2.5,6.8,.132,,0.2,1.8,2.0,2.5
284,226,Luc Longley,C,32,NYK,25,301,3.7,.399,.000,.315,10.8,15.6,13.3,3.7,0.6,2.4,26.4,13.6,,-0.5,0.5,0.0,.000,,-6.4,1.4,-5.1,-0.2
290,230,Todd MacCulloch,C,25,PHI,63,597,18.3,.607,.000,.357,13.3,18.4,15.9,3.1,0.6,2.3,11.2,18.3,,1.6,0.9,2.5,.199,,0.2,-1.3,-1.2,0.1
294,234,Jamaal Magloire,C,22,CHH,74,1095,13.4,.506,.007,.535,10.8,19.9,15.4,4.2,0.9,5.2,15.4,16.7,,0.6,2.0,2.6,.114,,-4.2,1.4,-2.8,-0.2
313,250,Dan McClintock,C,23,DEN,6,58,9.9,.446,.000,.278,18.5,13.3,15.9,2.9,0.0,2.4,12.9,17.8,,0.0,0.0,0.0,.007,,-3.4,-3.2,-6.6,-0.1
315,252,Jelani McCoy,C,23,SEA,70,1143,11.1,.520,.000,.352,9.3,15.9,12.6,7.7,0.8,3.1,19.7,15.0,,0.3,0.8,1.1,.045,,-2.6,0.4,-2.2,-0.1
318,255,Jim McIlvaine,C,28,NJN,18,193,6.2,.421,.000,.429,4.6,16.5,10.4,3.2,1.9,5.8,21.3,9.9,,-0.2,0.2,0.1,.015,,-6.7,3.0,-3.7,-0.1
331,263,Chris Mihm,C,21,CLE,59,1166,12.6,.500,.003,.322,10.6,17.3,13.9,2.4,0.9,3.3,15.2,20.4,,0.3,1.0,1.3,.053,,-3.4,-1.5,-5.0,-0.9
338,267,Brad Miller,C,24,CHI,57,1434,16.4,.520,.013,.585,11.5,23.7,17.3,13.1,1.2,2.0,13.1,18.1,,2.3,1.1,3.4,.114,,-0.7,0.0,-0.7,0.5
345,274,Nazr Mohammed,C,23,TOT,58,912,19.2,.520,.003,.341,14.1,23.6,18.8,3.9,1.7,2.8,13.1,24.0,,1.1,1.4,2.5,.129,,-1.5,-0.9,-2.4,-0.1
346,274,Nazr Mohammed,C,23,PHI,30,196,15.3,.478,.000,.318,10.6,20.9,15.9,2.0,1.6,2.6,8.2,25.2,,0.1,0.4,0.5,.116,,-3.9,-2.4,-6.3,-0.2
347,274,Nazr Mohammed,C,23,ATL,28,716,20.3,.532,.004,.349,15.0,24.3,19.6,4.4,1.7,2.8,14.5,23.7,,1.0,1.0,2.0,.133,,-0.9,-0.5,-1.4,0.1
348,275,Jérôme Moïso,C,22,BOS,24,135,3.2,.422,.033,.867,9.9,27.1,18.1,3.6,1.2,2.3,30.3,20.0,,-0.4,0.2,-0.3,-0.096,,-10.5,-1.4,-11.9,-0.3
349,276,Eric Montross,C,29,TOT,54,649,5.4,.396,.000,.225,8.5,20.5,14.4,4.5,0.9,2.8,21.3,12.9,,-0.9,0.9,0.0,-0.001,,-6.5,1.3,-5.2,-0.5
350,276,Eric Montross,C,29,DET,42,568,5.0,.404,.000,.215,8.0,19.4,13.6,4.1,0.7,2.9,21.8,12.9,,-0.8,0.7,-0.1,-0.006,,-6.6,1.2,-5.4,-0.5
351,276,Eric Montross,C,29,TOR,12,81,8.1,.339,.000,.294,12.2,28.5,20.2,7.2,2.0,2.6,17.2,12.8,,-0.1,0.1,0.0,.028,,-5.6,2.0,-3.6,0.0
352,277,Mikki Moore,C,25,DET,81,1154,12.9,.552,.004,.485,11.0,18.4,14.7,4.6,1.1,3.7,18.5,15.0,,1.1,1.6,2.8,.116,,-2.7,1.4,-1.2,0.2
354,279,Alonzo Mourning*,C,30,MIA,13,306,24.6,.536,.007,.390,13.6,25.6,19.6,8.9,0.7,7.8,14.5,30.6,,0.2,0.7,0.9,.148,,-1.9,2.4,0.5,0.2
361,283,Dikembe Mutombo*,C,34,TOT,75,2591,17.5,.547,.000,.523,13.3,30.5,21.9,4.7,0.6,5.6,17.4,14.3,,3.4,4.7,8.1,.151,,-1.7,3.2,1.4,2.2
362,283,Dikembe Mutombo*,C,34,ATL,49,1716,16.5,.528,.000,.435,12.1,33.0,22.5,5.0,0.6,5.7,17.9,13.4,,1.5,3.0,4.5,.125,,-2.5,3.4,0.9,1.3
363,283,Dikembe Mutombo*,C,34,PHI,26,875,19.6,.580,.000,.678,15.7,25.7,20.8,4.1,0.5,5.5,16.5,16.2,,1.9,1.8,3.7,.201,,-0.2,2.7,2.5,1.0
364,284,Mamadou N'Diaye,C,25,TOR,3,10,6.6,.410,.000,.500,11.0,11.6,11.3,0.0,0.0,0.0,0.0,21.8,,0.0,0.0,0.0,.083,,-5.2,-8.3,-13.6,0.0
371,289,Rasho Nesterović,C,24,MIN,73,1233,10.4,.472,.003,.204,9.1,17.5,13.2,5.4,1.1,3.6,13.7,14.8,,0.2,1.3,1.5,.060,,-3.4,0.7,-2.7,-0.2
376,294,Jermaine O'Neal,C,22,IND,81,2641,17.5,.501,.006,.447,11.0,22.7,17.0,6.7,1.0,6.2,13.4,21.2,,1.7,4.7,6.4,.116,,-2.2,2.7,0.5,1.6
377,295,Shaquille O'Neal*,C,28,LAL,74,2924,30.2,.574,.001,.684,11.3,24.8,18.1,18.8,0.8,4.9,10.5,31.6,,11.1,3.9,14.9,.245,,5.7,1.6,7.3,6.8
380,298,Hakeem Olajuwon*,C,38,HOU,58,1545,20.7,.526,.002,.349,9.5,22.4,16.1,8.3,2.4,4.0,11.0,21.9,,2.4,2.6,5.0,.155,,-0.2,2.2,2.0,1.6
384,300,Michael Olowokandi,C,25,LAC,82,2127,10.0,.451,.000,.220,9.3,18.7,14.1,3.7,0.8,3.6,17.9,20.5,,-2.6,2.2,-0.4,-0.008,,-5.1,0.2,-4.9,-1.6
386,301,Greg Ostertag,C,27,UTA,81,1491,13.3,.522,.007,.537,13.9,20.4,17.3,2.3,0.8,7.7,15.3,12.7,,1.5,2.3,3.8,.121,,-2.0,2.9,0.9,1.1
393,305,Olumide Oyedeji,C,19,SEA,30,221,10.6,.532,.000,.324,12.5,22.2,17.4,1.3,1.7,3.3,20.6,10.9,,0.1,0.3,0.4,.090,,-3.7,-0.2,-3.9,-0.1
398,310,Cherokee Parks,C,28,TOT,65,1054,12.6,.510,.022,.161,7.9,16.9,12.5,7.3,1.3,2.4,12.3,14.6,,0.9,1.0,1.9,.086,,-1.8,0.7,-1.1,0.2
399,310,Cherokee Parks,C,28,WAS,13,178,13.0,.528,.000,.447,8.4,18.1,13.1,6.4,1.7,4.4,18.0,13.9,,0.1,0.2,0.3,.070,,-2.8,1.4,-1.4,0.0
400,310,Cherokee Parks,C,28,LAC,52,876,12.5,.506,.025,.114,7.8,16.6,12.3,7.5,1.2,2.0,11.1,14.7,,0.8,0.8,1.6,.089,,-1.6,0.5,-1.1,0.2
405,315,Will Perdue,C,35,POR,13,58,18.5,.651,.000,.444,12.8,23.9,18.5,5.3,2.8,2.6,0.0,8.6,,0.2,0.1,0.3,.245,,1.3,2.1,3.3,0.1
416,323,Scot Pollard,C,25,SAC,77,1658,15.0,.530,.005,.433,11.5,18.5,15.1,4.2,1.5,3.9,12.3,14.3,,2.5,2.9,5.4,.157,,-1.5,2.1,0.6,1.1
417,324,Olden Polynice,C,36,UTA,81,1619,9.9,.484,.002,.157,12.3,16.6,14.5,3.1,0.9,3.9,15.0,14.8,,0.2,1.8,2.0,.058,,-2.4,0.8,-1.6,0.2
423,330,Vitaly Potapenko,C,25,BOS,82,1901,12.8,.517,.000,.303,12.1,18.5,15.2,5.9,1.4,0.9,15.1,16.6,,1.8,1.7,3.4,.087,,-2.2,-0.7,-3.0,-0.5
426,333,Joel Przybilla,C,21,MIL,33,270,5.9,.339,.000,.314,12.3,17.5,14.9,1.0,0.6,8.2,24.6,8.9,,-0.2,0.3,0.1,.018,,-6.4,2.5,-3.9,-0.1
427,334,Theo Ratliff,C,27,PHI,50,1800,16.3,.562,.000,.475,8.0,17.7,13.0,5.3,0.9,7.6,18.6,17.0,,1.7,3.5,5.2,.138,,-1.6,4.9,3.3,2.4
430,337,Bryant Reeves,C,27,VAN,75,1832,12.8,.506,.007,.257,8.3,19.8,14.1,7.4,1.2,2.0,12.8,17.6,,1.2,1.7,2.9,.075,,-2.5,0.5,-2.0,0.0
440,346,David Robinson*,C,35,SAS,80,2371,23.7,.559,.001,.571,10.4,22.0,16.5,8.8,1.8,5.8,10.6,22.8,,6.4,5.7,12.1,.246,,1.4,4.1,5.5,4.5
448,352,Carlos Rogers,C,29,HOU,39,544,18.1,.674,.009,.473,10.5,18.9,14.8,2.7,1.0,2.3,11.3,12.7,,1.5,0.5,2.0,.180,,0.5,-0.6,-0.2,0.3
450,354,Sean Rooks,C,31,LAC,82,1553,11.5,.487,.005,.362,6.9,15.2,11.2,8.1,1.2,2.9,13.7,15.8,,0.8,1.5,2.3,.070,,-2.5,1.1,-1.3,0.3
455,359,Arvydas Sabonis*,C,36,POR,61,1299,18.4,.527,.029,.302,4.9,24.9,15.2,12.3,1.7,3.5,12.7,24.0,,1.5,2.3,3.7,.138,,-1.7,1.4,-0.3,0.6
456,360,Soumaila Samake,C,22,NJN,34,226,9.0,.393,.000,.500,10.9,16.2,13.5,0.7,0.5,4.6,6.4,12.6,,0.0,0.2,0.1,.028,,-6.0,-1.5,-7.5,-0.3
461,362,Daniel Santiago,C,24,PHO,54,581,7.9,.528,.000,.455,6.7,13.3,9.9,3.0,1.5,2.6,22.6,16.0,,-0.3,0.9,0.6,.052,,-5.5,0.9,-4.6,-0.4
463,364,Shawnelle Scott,C,28,SAS,27,144,12.0,.424,.000,.537,19.0,20.2,19.6,4.6,1.9,2.9,17.8,20.1,,-0.1,0.3,0.2,.071,,-3.9,0.8,-3.1,0.0
467,368,Jabari Smith,C,23,SAC,9,66,14.7,.528,.000,.273,1.7,11.1,6.5,14.8,3.1,0.0,10.9,18.5,,0.1,0.1,0.2,.126,,-1.9,-0.2,-2.1,0.0
474,375,Felton Spencer,C,33,NYK,18,113,13.5,.629,.000,1.250,17.7,19.7,18.7,3.0,1.0,1.4,26.2,18.2,,0.2,0.2,0.4,.152,,-2.1,-0.8,-2.9,0.0
478,379,Vladimir Stepania,C,24,NJN,29,280,12.2,.398,.045,.386,14.0,31.2,22.4,9.4,1.9,2.9,15.6,19.8,,-0.2,0.4,0.2,.035,,-5.1,0.8,-4.3,-0.2
481,381,Michael Stewart,C,25,TOR,26,123,8.7,.394,.000,.529,14.3,12.2,13.3,2.4,1.7,1.7,10.7,17.1,,0.0,0.1,0.1,.036,,-4.2,-1.8,-6.0,-0.1
496,390,Bruno Šundov,C,20,IND,11,120,11.0,.498,.098,.122,3.9,17.4,10.9,3.1,0.9,2.4,6.5,18.0,,0.1,0.1,0.2,.079,,-4.0,-1.6,-5.6,-0.1
500,394,Žan Tabak,C,30,IND,55,777,10.5,.523,.000,.253,9.8,20.9,15.5,7.3,0.7,2.8,21.6,15.8,,-0.1,1.0,0.9,.056,,-4.0,0.8,-3.2,-0.2
501,395,Dragan Tarlać,C,27,CHI,43,598,5.6,.454,.000,.333,7.1,17.5,12.1,8.4,0.6,2.4,25.1,11.8,,-0.4,0.2,-0.2,-0.016,,-6.0,-0.3,-6.3,-0.7
510,403,Robert Traylor,C,23,CLE,70,1212,14.1,.521,.006,.435,11.9,16.8,14.3,8.7,2.1,4.6,20.2,18.0,,0.3,1.5,1.9,.074,,-1.6,2.3,0.8,0.8
512,405,Jake Tsakalidis,C,21,PHO,57,947,9.6,.502,.000,.423,9.8,19.4,14.5,3.2,0.5,4.2,20.6,15.1,,-0.3,1.6,1.3,.067,,-5.3,1.5,-3.9,-0.4
521,412,Jake Voskuhl,C,23,CHI,16,143,5.8,.481,.000,.560,9.6,19.0,14.1,5.7,1.9,3.1,27.8,14.0,,-0.2,0.1,0.0,-0.007,,-6.3,0.4,-5.9,-0.1
524,415,Ben Wallace,C,26,DET,80,2760,14.8,.470,.009,.542,11.5,29.6,20.4,6.8,2.0,4.8,17.7,10.4,,1.0,6.0,7.0,.121,,-2.4,5.7,3.4,3.7
534,424,Jahidi White,C,24,WAS,68,1609,14.7,.535,.002,.765,12.7,25.4,18.9,2.1,1.0,4.9,20.0,18.9,,0.5,1.6,2.1,.061,,-3.5,-0.5,-4.0,-0.8
544,432,Scott Williams,C,32,MIL,66,1272,14.2,.514,.011,.194,8.7,23.6,16.2,4.2,2.0,1.8,9.5,15.4,,1.7,1.7,3.4,.128,,-2.1,0.1,-2.0,0.0
550,436,Kevin Willis,C,38,TOT,78,1830,14.6,.478,.009,.213,10.5,21.8,16.0,4.6,1.6,2.0,10.3,20.5,,1.1,2.0,3.1,.081,,-2.6,-0.7,-3.3,-0.6
551,436,Kevin Willis,C,38,TOR,35,771,15.3,.507,.007,.301,9.7,23.2,16.3,4.5,1.3,1.9,11.6,20.0,,0.8,0.9,1.7,.106,,-2.2,-0.8,-3.1,-0.2
552,436,Kevin Willis,C,38,DEN,43,1059,14.1,.459,.010,.157,11.0,20.8,15.9,4.7,1.9,2.0,9.5,20.9,,0.3,1.1,1.4,.063,,-2.8,-0.6,-3.4,-0.4
556,440,Lorenzen Wright,C,25,ATL,71,1988,15.7,.486,.002,.266,10.0,20.0,15.0,8.0,1.1,2.3,12.1,23.2,,1.1,2.0,3.2,.077,,-1.6,-0.1,-1.7,0.1
558,441,Wang Zhizhi,C,23,DAL,5,38,14.9,.513,.105,.526,3.0,17.2,10.3,0.0,0.0,0.0,4.1,29.2,,0.1,0.0,0.1,.122,,-4.5,-9.3,-13.8,-0.1
