,Rk,Player,Pos,Age,Tm,G,MP,PER,TS%,3PAr,FTr,ORB%,DRB%,TRB%,AST%,STL%,BLK%,TOV%,USG%,Unnamed: 19,OWS,DWS,WS,WS/48,Unnamed: 24,OBPM,DBPM,BPM,VORP
5,4,Victor Alexander,C,32,DET,15,97,9.2,.367,.039,.157,8.6,26.6,17.6,11.5,0.0,0.7,8.4,28.9,,-0.3,0.1,-0.1,-0.073,,-7.9,-3.5,-11.4,-0.2
10,9,Chris Andersen,C,23,DEN,24,262,13.8,.417,.054,.378,15.8,17.4,16.5,4.2,1.4,7.9,13.1,17.0,,0.0,0.3,0.3,.058,,-4.1,2.2,-1.9,0.0
27,21,Isaac Austin,C,32,MEM,21,307,7.8,.405,.033,.043,4.0,21.8,12.9,7.0,1.5,1.1,10.5,15.5,,-0.3,0.3,0.0,.003,,-6.4,-0.1,-6.5,-0.4
29,23,Dalibor Bagarić,C,21,CHI,50,638,8.6,.443,.006,.393,9.8,20.1,14.8,6.0,1.4,2.8,18.1,18.4,,-0.7,0.6,-0.1,-0.011,,-5.8,-0.3,-6.1,-0.7
30,24,Vin Baker,C,30,SEA,55,1710,14.1,.517,.012,.348,11.8,12.3,12.1,7.0,0.7,1.6,14.5,23.8,,1.3,0.9,2.2,.061,,-1.2,-1.7,-2.8,-0.4
35,29,Mengke Bateer,C,26,DEN,27,408,8.0,.469,.091,.280,8.5,18.8,13.4,8.9,1.3,0.9,17.8,19.8,,-0.2,0.3,0.1,.007,,-4.1,-1.1,-5.2,-0.3
36,30,Tony Battie,C,25,BOS,74,1819,14.5,.570,.005,.333,10.8,18.4,14.5,3.2,1.7,2.9,10.2,12.5,,3.2,3.0,6.2,.164,,-1.8,1.9,0.1,1.0
50,40,Mark Blount,C,26,BOS,44,415,9.3,.509,.000,.487,6.7,16.0,11.2,3.8,2.0,3.6,20.0,12.7,,0.0,0.7,0.7,.081,,-5.7,2.3,-3.4,-0.2
52,41,Calvin Booth,C,25,SEA,15,279,11.9,.502,.000,.293,8.6,14.1,11.4,8.6,1.2,3.5,14.7,18.1,,0.2,0.3,0.5,.082,,-2.7,0.5,-2.2,0.0
53,42,Ruben Boumtje-Boumtje,C,23,POR,33,245,6.5,.453,.000,.781,10.0,16.5,13.2,2.3,0.7,5.0,24.6,10.6,,-0.1,0.3,0.2,.030,,-5.8,1.4,-4.3,-0.1
60,49,Shawn Bradley,C,29,DAL,53,757,14.6,.562,.006,.393,7.9,17.8,12.9,3.8,1.9,6.0,11.6,12.9,,1.3,1.0,2.3,.144,,-1.5,2.9,1.3,0.6
64,53,Primož Brezec,C,22,IND,22,160,9.8,.538,.000,.862,11.6,8.3,9.9,5.8,0.0,3.1,13.0,13.0,,0.2,0.1,0.3,.096,,-1.9,-0.6,-2.5,0.0
68,57,Ernest Brown,C,22,MIA,3,21,-9.7,.193,.000,.667,5.6,27.6,16.7,0.0,0.0,3.7,27.9,24.5,,-0.2,0.0,-0.2,-0.349,,-21.0,-3.7,-24.7,-0.1
71,60,P.J. Brown,C,32,CHH,80,2563,15.1,.545,.000,.374,12.2,22.8,17.5,6.6,1.2,2.2,12.2,12.4,,4.6,3.6,8.2,.154,,-0.2,2.1,1.8,2.5
86,72,Marcus Camby,C,27,NYK,29,1007,15.1,.483,.003,.341,10.2,26.8,18.5,5.6,1.8,3.7,11.2,17.4,,0.5,1.7,2.1,.102,,-2.7,2.8,0.1,0.5
92,78,Kelvin Cato,C,27,HOU,75,1917,15.0,.599,.003,.595,10.4,21.1,15.7,2.5,1.1,3.4,11.4,11.2,,3.6,1.7,5.3,.133,,-1.2,0.7,-0.6,0.7
93,79,Tyson Chandler,C,19,CHI,71,1389,13.0,.543,.000,.730,9.3,19.8,14.4,6.5,1.1,5.0,19.8,16.6,,0.4,1.4,1.8,.062,,-3.6,1.5,-2.0,0.0
98,83,Keon Clark,C,26,TOR,81,2185,16.7,.522,.006,.297,9.3,22.9,15.8,7.1,1.4,4.2,13.8,21.2,,1.7,3.6,5.3,.116,,-2.0,1.6,-0.5,0.8
103,88,Jason Collier,C,24,HOU,25,365,11.1,.486,.011,.337,9.6,16.2,12.8,4.1,0.9,0.7,10.6,15.5,,0.3,0.1,0.4,.057,,-3.2,-2.1,-5.3,-0.3
104,89,Jarron Collins,C,23,UTA,70,1440,11.5,.532,.003,.528,11.5,13.3,12.4,6.6,1.1,1.2,11.7,15.0,,2.3,1.0,3.3,.111,,-0.5,-0.8,-1.3,0.2
105,90,Jason Collins,C,23,NJN,77,1407,10.7,.500,.007,.590,10.5,13.6,12.0,8.4,1.1,2.4,17.1,13.5,,1.0,2.0,3.0,.104,,-2.5,1.6,-0.9,0.4
115,98,Eddy Curry,C,19,CHI,72,1150,14.4,.540,.000,.424,11.0,16.8,13.8,4.0,0.7,3.4,13.4,20.7,,1.0,0.8,1.8,.075,,-2.6,-1.7,-4.4,-0.7
117,100,Samuel Dalembert,C,20,PHI,34,177,13.2,.440,.000,.360,16.2,27.3,21.8,4.8,1.8,5.6,19.5,18.6,,-0.2,0.4,0.3,.072,,-5.7,2.2,-3.5,-0.1
119,101,Erick Dampier,C,26,GSW,73,1740,11.3,.484,.000,.440,10.0,13.9,11.9,7.8,0.5,6.5,21.4,17.6,,-0.8,1.1,0.3,.009,,-3.6,1.7,-1.9,0.0
123,105,Dale Davis,C,32,POR,78,2447,16.6,.551,.000,.366,12.4,20.7,16.5,6.2,1.4,2.6,8.4,13.7,,5.4,3.1,8.5,.168,,0.6,1.8,2.4,2.7
127,109,Andrew DeClercq,C,28,ORL,61,633,10.1,.474,.000,.336,13.0,15.8,14.4,5.2,1.9,2.7,16.6,14.5,,0.2,0.8,1.0,.073,,-3.2,0.7,-2.4,-0.1
136,114,DeSagana Diop,C,20,CLE,18,109,3.2,.401,.000,.172,5.4,12.8,9.2,7.3,0.5,6.7,27.8,18.2,,-0.4,0.1,-0.3,-0.124,,-9.1,1.1,-8.0,-0.2
137,115,Vlade Divac*,C,33,SAC,80,2420,17.0,.513,.018,.475,9.2,20.2,14.8,17.9,1.6,2.6,15.4,18.4,,3.1,4.2,7.3,.145,,0.1,3.3,3.3,3.3
138,116,Michael Doleac,C,24,CLE,42,705,8.8,.468,.000,.246,7.9,20.0,14.0,5.6,1.1,1.1,15.1,15.9,,-0.1,0.4,0.3,.022,,-4.2,-1.2,-5.4,-0.6
141,119,Predrag Drobnjak,C,26,SEA,64,1174,12.7,.490,.005,.176,7.7,14.2,11.0,6.9,0.9,2.0,10.3,19.7,,0.8,0.8,1.6,.065,,-2.7,-1.2,-4.0,-0.6
142,120,Chris Dudley,C,36,POR,43,327,7.1,.424,.040,.300,9.6,19.3,14.4,5.7,0.5,3.3,19.8,9.9,,-0.1,0.4,0.3,.042,,-4.9,1.2,-3.7,-0.1
148,125,Evan Eschmeyer,C,26,DAL,31,299,9.9,.480,.000,.660,13.2,23.1,18.2,4.1,1.7,2.2,19.9,12.2,,0.2,0.4,0.5,.083,,-3.1,0.8,-2.4,0.0
150,127,Patrick Ewing*,C,39,ORL,65,901,14.4,.497,.003,.402,7.4,25.3,16.3,6.3,1.3,3.5,14.2,22.7,,0.0,1.3,1.4,.073,,-4.9,-0.3,-5.1,-0.7
160,137,Jeff Foster,C,25,IND,82,1786,12.9,.493,.038,.462,13.3,21.6,17.6,6.1,2.1,1.5,14.3,14.0,,1.5,2.7,4.2,.113,,-1.5,1.7,0.2,1.0
165,141,Adonal Foyle,C,26,GSW,79,1485,12.5,.445,.000,.242,10.6,17.3,13.9,4.3,1.2,7.7,15.1,14.2,,-0.4,1.6,1.2,.039,,-3.9,2.7,-1.2,0.3
169,145,Dean Garrett,C,35,TOT,34,183,6.3,.320,.000,.055,10.0,25.4,17.8,3.9,2.0,4.0,15.1,16.1,,-0.4,0.3,-0.1,-0.024,,-7.8,1.1,-6.7,-0.2
170,145,Dean Garrett,C,35,MIN,29,152,7.1,.339,.000,.075,10.0,25.5,17.9,3.7,1.7,4.4,14.5,14.4,,-0.2,0.3,0.0,.006,,-7.1,1.5,-5.6,-0.1
171,145,Dean Garrett,C,35,GSW,5,31,2.0,.267,.000,.000,10.1,24.9,17.3,5.1,3.3,2.2,16.7,24.4,,-0.2,0.0,-0.1,-0.171,,-11.2,-0.8,-12.0,-0.1
173,147,Pau Gasol,C,21,MEM,82,3007,19.5,.566,.005,.448,8.8,18.2,13.5,13.8,0.7,3.9,15.0,22.6,,4.8,2.8,7.6,.121,,0.7,1.5,2.2,3.2
175,149,Matt Geiger,C,32,PHI,4,36,-1.6,.169,.000,.250,9.6,9.4,9.5,0.0,0.0,4.2,18.4,13.8,,-0.1,0.0,-0.1,-0.145,,-12.1,-1.6,-13.7,-0.1
182,156,Horace Grant,C,36,ORL,76,2210,13.9,.539,.000,.216,8.0,16.4,12.2,7.1,1.3,1.6,8.3,12.5,,3.6,2.0,5.6,.122,,-0.6,1.0,0.4,1.3
207,176,Brendan Haywood,C,22,WAS,62,1266,13.7,.540,.000,.724,13.0,16.6,14.8,3.5,0.9,5.3,14.6,12.4,,1.7,1.4,3.1,.116,,-1.3,1.9,0.6,0.8
223,189,Steven Hunter,C,20,ORL,53,516,12.9,.502,.000,.639,8.6,12.4,10.5,1.5,0.5,5.8,7.8,17.7,,0.5,0.5,1.0,.094,,-4.0,-0.9,-4.9,-0.4
224,190,Zydrunas Ilgauskas,C,26,CLE,62,1329,17.4,.501,.009,.487,12.1,17.3,14.8,9.4,0.7,4.6,12.0,27.0,,1.5,1.0,2.5,.089,,-1.3,-0.9,-2.2,-0.1
230,196,Marc Jackson,C,27,TOT,39,495,11.1,.467,.006,.488,10.9,18.2,14.6,4.3,1.2,0.9,13.1,20.3,,0.2,0.4,0.6,.059,,-3.7,-2.5,-6.2,-0.5
231,196,Marc Jackson,C,27,GSW,17,169,14.9,.488,.000,.738,10.5,16.9,13.6,6.6,1.5,1.2,12.2,24.4,,0.2,0.1,0.3,.093,,-2.6,-3.1,-5.7,-0.2
232,196,Marc Jackson,C,27,MIN,22,326,9.2,.451,.010,.323,11.1,18.9,15.1,3.1,1.0,0.7,13.7,18.2,,0.0,0.3,0.3,.042,,-4.3,-2.2,-6.5,-0.4
235,199,Jerome James,C,26,SEA,56,949,11.9,.498,.000,.220,11.3,17.5,14.4,3.9,1.4,6.9,19.8,18.3,,-0.4,1.3,0.9,.045,,-4.4,2.1,-2.2,-0.1
247,208,Ervin Johnson,C,34,MIL,81,1660,8.6,.468,.005,.342,10.4,21.5,16.2,2.3,1.2,3.6,19.0,7.7,,0.5,1.9,2.3,.067,,-3.9,1.4,-2.5,-0.2
251,210,Alvin Jones,C,23,PHI,23,126,6.2,.451,.000,1.000,11.8,20.5,16.2,3.7,1.3,5.4,27.6,14.5,,-0.2,0.3,0.1,.034,,-6.9,2.4,-4.5,-0.1
264,222,Travis Knight,C,27,NYK,49,429,5.3,.401,.000,.186,13.0,15.1,14.1,3.0,1.4,1.7,18.1,16.2,,-0.5,0.4,-0.1,-0.015,,-6.0,-0.5,-6.5,-0.5
267,225,Raef LaFrentz,C,25,TOT,78,2455,17.9,.533,.291,.164,7.9,19.1,13.3,6.2,1.2,6.3,8.7,19.8,,3.6,2.7,6.4,.125,,0.7,1.9,2.6,2.8
268,225,Raef LaFrentz,C,25,DEN,51,1668,18.9,.538,.263,.159,7.6,18.8,12.9,6.5,1.0,6.8,7.8,20.5,,2.7,1.8,4.5,.129,,0.9,1.8,2.7,2.0
269,225,Raef LaFrentz,C,25,DAL,27,787,15.8,.519,.364,.176,8.5,19.6,14.1,5.6,1.6,5.5,10.8,18.1,,0.9,1.0,1.9,.115,,0.3,2.0,2.3,0.9
282,238,Todd MacCulloch,C,26,NJN,62,1502,17.7,.562,.000,.353,11.7,16.6,14.1,8.6,0.8,4.3,10.9,18.0,,3.1,2.5,5.6,.179,,0.2,1.8,2.0,1.5
287,242,Jamaal Magloire,C,23,CHH,82,1549,18.8,.624,.002,.804,11.3,22.7,17.0,3.4,0.9,4.0,17.4,20.0,,3.4,2.4,5.7,.177,,-1.2,-0.2,-1.3,0.3
293,248,Sean Marks,C,26,MIA,21,319,9.3,.466,.000,.386,7.0,20.4,13.7,4.3,0.9,2.4,15.6,18.2,,-0.2,0.5,0.3,.044,,-6.0,0.4,-5.6,-0.3
303,258,Amal McCaskill,C,28,SAS,27,153,10.2,.430,.000,.531,12.4,14.5,13.5,4.3,2.1,4.6,18.8,22.6,,-0.3,0.3,0.0,.010,,-6.2,1.4,-4.8,-0.1
305,260,Jelani McCoy,C,24,LAL,21,104,9.5,.530,.000,.381,8.6,17.8,13.3,9.9,0.0,3.4,24.6,14.0,,0.0,0.1,0.1,.050,,-4.3,0.8,-3.5,0.0
312,266,Stanislav Medvedenko,C,22,LAL,71,729,15.6,.500,.013,.204,13.0,10.9,12.0,9.9,2.1,1.1,11.3,23.0,,0.9,0.9,1.8,.118,,-0.4,-0.7,-1.1,0.2
316,268,Chris Mihm,C,22,CLE,74,1659,10.0,.470,.013,.340,9.5,18.2,13.9,2.4,0.6,3.9,13.8,19.4,,-0.5,1.1,0.7,.019,,-4.7,-1.4,-6.1,-1.7
319,271,Brad Miller,C,25,TOT,76,2263,20.1,.572,.010,.523,12.7,18.9,15.8,12.0,1.8,1.3,11.3,20.6,,6.0,2.3,8.3,.176,,2.4,0.5,2.9,2.8
320,271,Brad Miller,C,25,CHI,48,1391,19.6,.540,.009,.560,14.4,19.4,16.8,13.0,2.0,1.5,11.6,21.1,,3.1,1.3,4.4,.152,,2.0,0.6,2.6,1.6
321,271,Brad Miller,C,25,IND,28,872,20.8,.627,.011,.463,10.1,18.2,14.2,10.5,1.4,1.0,10.8,19.7,,2.9,1.0,3.9,.214,,3.0,0.4,3.3,1.2
327,277,Nazr Mohammed,C,24,ATL,82,2168,14.0,.490,.001,.311,12.7,21.6,17.1,2.6,1.5,2.1,12.7,19.4,,0.9,2.4,3.3,.072,,-3.0,-1.0,-4.1,-1.1
328,278,Jérôme Moïso,C,23,CHH,15,76,5.9,.400,.000,.000,6.0,31.5,18.8,8.4,2.1,1.9,28.6,16.8,,-0.2,0.2,-0.1,-0.040,,-9.0,1.9,-7.1,-0.1
329,279,Eric Montross,C,30,TOR,49,655,5.8,.398,.008,.235,6.1,18.8,12.3,3.7,1.0,2.6,14.7,11.9,,-0.6,0.8,0.2,.015,,-6.4,0.7,-5.6,-0.6
330,280,Mikki Moore,C,26,DET,30,217,14.9,.545,.033,.426,12.0,16.7,14.4,8.6,1.7,2.9,16.2,18.8,,0.3,0.3,0.6,.133,,-1.9,0.5,-1.4,0.0
333,282,Hanno Möttölä,C,25,ATL,82,1371,8.4,.474,.034,.198,6.7,15.6,11.2,6.0,0.8,1.0,14.4,16.1,,-0.3,0.8,0.5,.019,,-4.1,-1.1,-5.3,-1.1
334,283,Alonzo Mourning*,C,31,MIA,75,2455,18.9,.558,.003,.498,8.7,21.3,15.0,6.8,0.6,5.8,14.7,24.1,,2.6,4.8,7.4,.145,,-1.3,2.5,1.1,1.9
338,287,Dikembe Mutombo*,C,35,PHI,80,2907,16.0,.574,.000,.568,10.0,23.5,16.8,4.8,0.5,5.0,16.3,15.1,,4.1,5.5,9.6,.158,,-1.5,2.9,1.3,2.5
339,288,Mamadou N'Diaye,C,26,TOR,5,46,20.6,.694,.000,1.000,14.5,12.9,13.7,0.0,0.0,3.2,6.5,15.3,,0.2,0.0,0.3,.265,,0.4,-4.8,-4.4,0.0
344,293,Rasho Nesterović,C,25,MIN,82,2218,12.9,.499,.002,.108,10.6,17.2,13.9,5.2,1.1,3.7,12.0,16.0,,1.6,2.5,4.1,.089,,-1.5,1.3,-0.1,1.1
348,297,Dirk Nowitzki,C,23,DAL,76,2891,24.1,.599,.278,.410,4.7,24.0,14.5,10.8,1.5,1.9,8.9,25.5,,10.2,3.1,13.4,.222,,4.6,0.1,4.7,4.8
350,299,Shaquille O'Neal*,C,29,LAL,67,2422,29.7,.590,.001,.583,10.8,21.6,16.3,16.4,0.9,4.1,10.0,31.8,,9.2,4.0,13.2,.262,,5.5,1.5,7.0,5.5
354,302,Hakeem Olajuwon*,C,39,TOR,61,1378,14.4,.478,.005,.201,7.9,23.1,15.3,8.0,2.9,4.9,17.7,18.3,,-0.8,2.9,2.1,.074,,-3.9,4.0,0.1,0.7
359,305,Michael Olowokandi,C,26,LAC,80,2568,12.4,.457,.000,.212,7.3,23.8,15.7,5.8,1.1,3.9,15.3,20.1,,-1.9,3.5,1.6,.029,,-4.5,1.4,-3.1,-0.7
360,306,Greg Ostertag,C,28,UTA,74,1107,12.7,.474,.000,.647,13.5,20.6,17.0,7.0,0.7,7.8,16.5,12.6,,0.5,1.6,2.1,.090,,-2.9,3.4,0.5,0.7
365,309,Olumide Oyedeji,C,20,SEA,36,221,11.2,.562,.000,.439,14.7,27.3,21.1,2.6,1.0,0.7,22.3,13.2,,0.2,0.3,0.4,.098,,-3.7,-2.0,-5.7,-0.2
372,314,Cherokee Parks,C,29,SAS,42,234,7.6,.364,.000,.096,12.2,16.2,14.3,7.1,1.6,2.4,13.9,20.0,,-0.4,0.4,0.0,-0.005,,-6.0,0.7,-5.3,-0.2
384,325,Scot Pollard,C,26,SAC,80,1881,15.0,.590,.000,.464,10.9,21.0,16.0,3.9,1.9,2.7,13.6,11.5,,3.4,3.5,6.8,.175,,-0.6,2.6,2.0,1.9
389,330,Vitaly Potapenko,C,26,BOS,79,1343,11.4,.513,.000,.399,13.3,15.1,14.2,3.6,1.4,1.0,15.1,14.1,,1.3,1.7,3.1,.111,,-3.1,0.0,-3.1,-0.4
391,332,Joel Przybilla,C,22,MIL,71,1128,10.2,.523,.007,.634,8.4,20.1,14.5,2.7,0.9,7.6,19.1,9.3,,0.3,1.5,1.9,.079,,-4.4,3.0,-1.3,0.2
394,335,Theo Ratliff,C,28,ATL,3,82,11.1,.523,.000,.550,6.9,15.4,11.1,2.0,0.6,7.2,22.0,17.6,,-0.1,0.1,0.0,.012,,-6.3,1.1,-5.2,-0.1
395,336,Željko Rebrača,C,29,DET,74,1179,16.2,.569,.000,.468,8.4,20.5,14.5,5.7,1.3,4.4,15.7,21.4,,1.4,1.9,3.3,.134,,-2.8,0.7,-2.2,0.0
411,347,David Robinson*,C,36,SAS,78,2303,20.3,.562,.000,.588,9.9,22.0,16.2,7.0,2.0,4.3,10.9,19.2,,5.0,5.1,10.1,.211,,0.4,3.5,3.9,3.4
415,351,Carlos Rogers,C,30,IND,22,168,15.3,.574,.140,.442,9.6,15.7,12.8,3.0,1.6,2.5,8.9,15.2,,0.3,0.2,0.5,.140,,-1.0,-0.6,-1.5,0.0
419,353,Sean Rooks,C,32,LAC,61,728,7.5,.443,.000,.149,5.0,14.1,9.6,5.4,0.9,2.0,8.8,14.1,,0.0,0.5,0.6,.038,,-4.2,-0.5,-4.7,-0.5
426,358,Daniel Santiago,C,25,PHO,3,24,9.6,.500,.000,.000,0.0,33.4,16.5,13.6,0.0,3.0,20.0,18.7,,0.0,0.0,0.0,.025,,-7.4,0.7,-6.7,0.0
431,362,Shawnelle Scott,C,29,DEN,21,252,14.5,.489,.000,.267,22.8,23.8,23.3,5.4,0.6,1.8,15.2,17.6,,0.2,0.2,0.4,.083,,-1.5,-1.8,-3.3,-0.1
441,370,Jabari Smith,C,24,TOT,23,181,13.1,.474,.048,.508,5.0,11.9,8.5,9.7,1.7,2.3,6.1,20.4,,0.2,0.3,0.5,.121,,-2.5,-0.3,-2.8,0.0
442,370,Jabari Smith,C,24,SAC,12,71,7.0,.342,.048,.571,3.1,17.7,10.5,11.4,1.4,3.7,7.1,17.3,,-0.1,0.1,0.0,.014,,-6.6,1.5,-5.1,-0.1
443,370,Jabari Smith,C,24,PHI,11,110,17.1,.541,.048,.476,6.3,8.2,7.2,8.6,2.0,1.4,5.6,22.4,,0.3,0.1,0.4,.189,,0.2,-1.5,-1.3,0.0
444,371,Joe Smith,C,26,MIN,72,1922,16.0,.571,.005,.355,9.3,17.9,13.6,6.6,1.1,2.3,11.4,17.8,,4.1,2.0,6.1,.153,,0.4,0.3,0.7,1.3
445,372,Leon Smith,C,21,ATL,14,100,14.0,.463,.000,.654,11.4,24.1,17.7,4.7,2.6,0.7,8.2,16.5,,0.1,0.1,0.2,.109,,-3.3,-0.7,-4.0,-0.1
449,376,Felton Spencer,C,34,NYK,32,248,0.8,.358,.000,1.269,7.5,15.9,11.7,1.8,1.5,2.4,22.8,9.9,,-0.3,0.3,-0.1,-0.013,,-7.4,1.3,-6.1,-0.3
453,380,Vladimir Stepania,C,25,MIA,67,884,13.9,.483,.008,.418,13.3,22.3,17.8,3.2,1.5,3.8,15.0,18.7,,-0.1,1.8,1.7,.094,,-4.4,1.0,-3.3,-0.3
456,382,Michael Stewart,C,26,TOR,11,93,8.6,.395,.000,.478,14.4,16.6,15.4,4.9,2.3,2.4,12.6,15.6,,0.0,0.1,0.1,.058,,-4.2,0.6,-3.6,0.0
464,390,Bruno Šundov,C,21,IND,22,88,8.7,.391,.025,.050,9.2,17.5,13.5,6.1,1.8,2.4,8.9,23.1,,-0.2,0.1,0.0,-0.021,,-6.1,-1.1,-7.2,-0.1
469,395,Etan Thomas,C,23,WAS,47,618,15.7,.553,.000,.490,10.2,24.0,17.0,1.6,1.5,4.2,12.4,15.6,,0.8,0.9,1.6,.127,,-2.8,-0.1,-2.9,-0.1
471,397,Kurt Thomas,C,29,NYK,82,2771,15.8,.542,.006,.283,9.0,22.3,15.6,5.8,1.4,2.1,12.7,20.3,,3.1,3.4,6.5,.112,,-1.3,1.0,-0.3,1.2
479,404,Jake Tsakalidis,C,22,PHO,67,1582,11.7,.522,.003,.398,9.1,17.7,13.3,2.2,0.8,3.2,14.2,15.5,,1.0,1.8,2.8,.085,,-3.4,0.2,-3.2,-0.5
485,408,Ratko Varda,C,22,DET,1,6,15.0,.727,.000,.333,0.0,19.5,9.8,0.0,0.0,0.0,22.5,34.9,,0.0,0.0,0.0,.098,,-5.2,-9.1,-14.3,0.0
487,410,Jake Voskuhl,C,24,PHO,59,900,13.9,.614,.000,.565,12.7,18.7,15.7,3.0,0.6,1.9,16.6,14.4,,1.7,0.9,2.7,.143,,-1.4,-0.8,-2.3,-0.1
490,413,Ben Wallace,C,27,DET,80,2921,18.6,.522,.006,.488,12.9,28.9,21.0,6.2,2.5,6.7,10.7,10.5,,4.3,7.2,11.6,.190,,-0.6,6.5,5.9,5.9
501,423,Jahidi White,C,25,WAS,71,1346,14.9,.552,.000,.552,13.6,24.9,19.2,2.0,1.0,4.1,15.8,14.1,,1.5,1.8,3.3,.118,,-2.3,0.3,-2.0,0.0
515,437,Loren Woods,C,23,MIN,60,516,9.9,.449,.021,.625,10.4,16.8,13.7,5.8,1.7,4.9,22.7,13.9,,-0.2,0.7,0.5,.047,,-4.4,2.5,-1.9,0.0
519,439,Lorenzen Wright,C,26,MEM,43,1251,14.8,.478,.004,.253,11.6,24.5,18.1,6.5,1.3,1.3,11.8,22.2,,0.0,1.4,1.4,.055,,-3.0,-0.8,-3.8,-0.6
520,440,Wang Zhizhi,C,24,DAL,55,600,16.1,.564,.468,.230,3.6,16.8,10.3,5.9,0.9,2.1,8.4,22.4,,1.1,0.4,1.5,.121,,1.0,-2.8,-1.7,0.0
