,Rk,Player,Pos,Age,Tm,G,MP,PER,TS%,3PAr,FTr,ORB%,DRB%,TRB%,AST%,STL%,BLK%,TOV%,USG%,Unnamed: 19,OWS,DWS,WS,WS/48,Unnamed: 24,OBPM,DBPM,BPM,VORP
8,7,John Amaechi,C,32,UTA,50,474,3.1,.351,.000,.441,6.9,12.5,9.8,6.8,1.6,1.1,19.4,17.0,,-1.1,0.4,-0.7,-0.070,,-7.0,-0.5,-7.5,-0.7
9,8,Chris Andersen,C,24,DEN,59,907,14.0,.440,.004,.491,13.3,22.3,17.6,6.3,1.7,5.3,14.8,19.9,,-0.5,1.7,1.1,.059,,-4.8,2.1,-2.7,-0.2
22,19,Dalibor Bagarić,C,22,CHI,10,76,7.1,.342,.000,.154,10.3,18.6,14.5,8.2,2.0,2.9,15.3,19.1,,-0.2,0.1,-0.1,-0.048,,-6.7,0.5,-6.3,-0.1
23,20,Vin Baker,C,31,BOS,52,942,10.6,.531,.019,.517,10.5,13.3,11.9,5.3,1.2,2.5,19.4,15.5,,0.5,1.1,1.6,.082,,-4.0,0.5,-3.4,-0.3
28,24,Mengke Bateer,C,27,SAS,12,46,-8.4,.252,.176,.118,5.3,19.2,12.6,13.5,0.0,0.0,25.1,24.1,,-0.3,0.1,-0.2,-0.248,,-12.5,-2.0,-14.4,-0.1
30,26,Tony Battie,C,26,BOS,67,1683,15.2,.578,.014,.320,9.7,19.7,14.6,5.2,1.0,3.8,10.2,12.9,,3.3,2.5,5.8,.164,,-2.0,1.8,-0.1,0.8
32,28,Lonny Baxter,C,24,CHI,55,682,11.3,.521,.010,.500,10.7,16.0,13.4,3.8,0.7,2.3,15.5,19.3,,0.4,0.5,0.9,.063,,-3.2,-2.0,-5.2,-0.5
39,35,Corie Blount,C,34,CHI,50,836,9.6,.502,.000,.261,9.1,17.9,13.5,8.9,2.0,1.7,22.3,10.2,,0.2,0.9,1.1,.064,,-2.6,1.9,-0.7,0.3
40,36,Mark Blount,C,27,TOT,81,1403,10.6,.491,.000,.401,8.8,16.9,12.6,7.0,1.6,3.8,20.2,16.4,,-0.4,2.1,1.7,.059,,-4.9,2.0,-3.0,-0.3
41,36,Mark Blount,C,27,DEN,54,885,9.6,.452,.000,.371,7.8,16.7,12.0,7.0,1.3,4.6,18.4,19.1,,-0.9,1.3,0.4,.020,,-6.0,1.7,-4.3,-0.5
42,36,Mark Blount,C,27,BOS,27,518,12.2,.615,.000,.500,10.4,17.1,13.7,6.8,2.0,2.6,25.3,11.7,,0.6,0.8,1.4,.126,,-3.0,2.4,-0.6,0.2
43,37,Calvin Booth,C,26,SEA,47,575,9.9,.494,.017,.395,6.5,16.0,11.2,3.3,1.0,4.5,13.6,13.2,,0.2,0.7,0.8,.071,,-4.8,1.2,-3.5,-0.2
45,39,Ruben Boumtje-Boumtje,C,24,POR,2,5,18.4,.000,.000,.000,24.2,0.0,12.1,26.6,10.7,0.0,0.0,9.2,,0.0,0.0,0.0,.114,,1.8,8.0,9.8,0.0
51,44,Shawn Bradley,C,30,DAL,81,1731,18.3,.601,.003,.467,9.6,20.7,15.1,4.6,1.9,7.3,12.9,13.6,,3.9,3.5,7.4,.204,,-0.4,4.7,4.3,2.8
55,48,Primož Brezec,C,23,IND,22,111,10.9,.449,.026,.526,13.5,9.9,11.6,6.0,0.9,2.6,13.0,21.9,,0.0,0.1,0.1,.047,,-3.7,-1.6,-5.3,-0.1
61,52,Kwame Brown,C,20,WAS,80,1773,13.6,.496,.006,.432,8.5,19.9,14.2,5.6,1.5,3.4,15.5,18.8,,0.2,2.3,2.5,.069,,-3.4,0.7,-2.7,-0.3
72,60,Pat Burke,C,29,ORL,62,783,8.3,.415,.024,.196,8.1,13.4,10.7,4.9,1.3,2.3,12.8,21.1,,-1.0,0.6,-0.3,-0.021,,-6.1,-1.6,-7.7,-1.1
77,64,Marcus Camby,C,28,DEN,29,616,17.5,.444,.022,.220,13.5,26.4,19.7,14.4,1.7,5.2,9.8,19.9,,0.3,1.2,1.5,.119,,-1.7,3.7,2.0,0.6
78,65,Elden Campbell,C,34,TOT,56,869,14.1,.483,.003,.461,6.2,18.2,12.1,9.9,2.0,3.3,12.4,21.3,,0.6,1.4,2.0,.109,,-3.3,1.3,-2.0,0.0
79,65,Elden Campbell,C,34,NOH,41,685,15.0,.496,.004,.466,5.7,18.5,12.0,10.5,1.9,3.3,12.4,22.6,,0.6,1.1,1.7,.122,,-2.9,1.0,-1.9,0.0
80,65,Elden Campbell,C,34,SEA,15,184,10.8,.419,.000,.438,8.2,16.9,12.5,7.6,2.7,3.4,12.3,16.6,,0.0,0.3,0.2,.063,,-4.6,2.2,-2.4,0.0
85,70,Kelvin Cato,C,28,HOU,73,1247,15.5,.535,.016,.484,12.5,26.7,19.8,2.6,1.6,4.9,15.3,13.6,,1.3,2.5,3.8,.145,,-2.8,1.8,-1.0,0.3
86,71,Tyson Chandler,C,20,CHI,75,1827,15.8,.565,.000,.601,10.4,20.6,15.5,6.8,1.0,4.2,18.1,18.1,,1.8,2.1,3.9,.102,,-1.5,1.2,-0.3,0.8
90,75,Keon Clark,C,27,SAC,80,1780,13.9,.528,.009,.284,8.8,17.9,13.6,6.5,1.1,5.6,15.6,14.9,,1.3,3.4,4.7,.127,,-2.5,3.6,1.1,1.4
93,78,Derrick Coleman,C,35,PHI,64,1742,15.4,.525,.135,.343,10.0,20.5,15.2,8.0,1.6,3.1,14.3,17.3,,2.1,2.4,4.5,.124,,-0.5,1.6,1.1,1.4
97,80,Jason Collier,C,25,HOU,13,104,15.0,.488,.000,.056,13.6,18.4,16.1,1.8,1.0,0.7,5.1,17.3,,0.2,0.1,0.3,.126,,-2.3,-3.4,-5.8,-0.1
99,81,Jarron Collins,C,24,UTA,22,421,8.2,.530,.012,.721,9.6,7.8,8.6,5.2,0.6,1.1,14.4,14.5,,0.5,0.2,0.7,.078,,-1.4,-1.4,-2.8,-0.1
100,82,Jason Collins,C,24,NJN,81,1900,9.9,.521,.012,.698,8.2,13.9,11.1,6.9,1.3,1.7,16.1,12.5,,1.7,3.0,4.7,.119,,-2.3,1.8,-0.6,0.7
105,87,Eddy Curry,C,20,CHI,81,1571,17.5,.607,.000,.501,8.3,16.4,12.4,4.4,0.6,2.9,16.4,23.6,,2.3,1.1,3.5,.107,,-1.0,-2.0,-3.0,-0.4
107,89,Erick Dampier,C,27,GSW,82,1978,15.8,.543,.004,.425,13.5,15.7,14.6,4.6,0.7,5.1,15.3,15.7,,3.1,1.0,4.1,.099,,-0.2,0.3,0.1,1.1
109,91,Antonio Davis,C,34,TOR,53,1894,14.5,.483,.000,.437,7.5,19.3,13.1,11.9,0.6,2.3,13.4,21.3,,1.0,1.1,2.2,.055,,-2.0,-0.1,-2.1,0.0
111,93,Dale Davis,C,33,POR,78,2282,14.5,.566,.000,.379,12.3,17.5,14.9,6.4,1.2,2.3,12.2,11.8,,4.3,2.6,6.9,.145,,0.6,1.8,2.4,2.5
115,97,Andrew DeClercq,C,29,ORL,77,1327,11.3,.562,.000,.373,11.9,17.5,14.6,6.2,1.5,2.0,20.5,13.8,,1.3,1.3,2.6,.095,,-2.0,0.6,-1.4,0.2
121,102,Vlade Divac*,C,34,SAC,80,2384,15.6,.519,.038,.383,7.4,17.8,12.9,16.7,1.8,2.9,16.6,17.0,,2.6,4.4,7.0,.141,,-0.6,3.6,2.9,3.0
123,104,Michael Doleac,C,25,NYK,75,1041,8.9,.451,.000,.134,7.2,17.7,12.3,6.6,0.8,1.1,11.9,18.3,,-0.4,0.7,0.3,.014,,-4.5,-1.1,-5.6,-0.9
126,107,Predrag Drobnjak,C,27,SEA,82,1984,12.5,.459,.108,.146,6.5,12.6,9.5,7.7,1.3,1.5,7.2,21.4,,0.8,1.6,2.4,.057,,-2.3,-1.0,-3.3,-0.6
127,108,Chris Dudley,C,37,POR,3,11,-1.7,.000,.000,.000,22.0,0.0,11.0,0.0,0.0,0.0,0.0,4.2,,0.0,0.0,0.0,.000,,-3.8,-3.1,-6.9,0.0
132,113,Melvin Ely,C,24,LAC,52,802,10.8,.540,.000,.398,9.1,15.4,12.3,3.1,0.7,2.8,18.6,15.1,,0.4,0.4,0.8,.048,,-3.4,-0.9,-4.4,-0.5
133,114,Evan Eschmeyer,C,27,DAL,17,135,7.4,.409,.000,.211,8.2,15.5,11.8,5.9,3.8,3.9,22.4,9.0,,0.0,0.3,0.2,.088,,-3.6,5.1,1.5,0.1
143,123,Greg Foster,C,34,TOR,29,539,4.7,.445,.033,.262,6.1,15.9,10.8,3.8,0.1,1.2,18.1,14.1,,-0.4,0.1,-0.3,-0.025,,-5.9,-1.9,-7.9,-0.8
144,124,Jeff Foster,C,26,IND,77,802,12.0,.394,.011,.354,16.9,22.0,19.5,9.8,1.8,1.9,14.2,13.5,,0.2,1.4,1.6,.098,,-2.5,2.0,-0.5,0.3
147,127,Adonal Foyle,C,27,GSW,82,1787,15.3,.563,.003,.301,10.6,18.5,14.6,3.1,1.1,7.6,15.7,11.0,,2.3,1.7,4.0,.106,,-1.2,2.7,1.5,1.6
150,130,Dan Gadzuric,C,24,MIL,49,760,11.2,.498,.007,.386,10.1,20.3,15.2,1.8,1.5,5.1,13.7,12.0,,0.4,0.7,1.2,.075,,-3.5,0.7,-2.9,-0.2
168,141,Brian Grant,C,30,MIA,82,2641,15.6,.552,.000,.303,10.2,26.8,18.3,7.2,1.3,1.4,14.4,16.0,,3.5,4.1,7.7,.139,,-1.1,2.1,0.9,2.0
177,150,Zendon Hamilton,C,27,TOR,3,12,17.7,.510,.000,.400,9.1,29.7,19.0,0.0,4.5,0.0,14.5,26.2,,0.0,0.0,0.0,.107,,-6.8,-5.7,-12.6,0.0
194,164,Brendan Haywood,C,23,WAS,81,1930,13.5,.561,.000,.723,11.7,13.0,12.4,2.4,0.9,4.6,12.7,12.5,,3.1,1.9,5.0,.125,,-1.1,1.0,-0.1,0.9
195,165,Alan Henderson,C,30,ATL,82,1494,12.1,.508,.006,.422,12.4,17.8,15.2,4.5,1.2,1.5,13.6,13.8,,1.5,1.1,2.6,.083,,-2.1,-0.9,-3.0,-0.4
196,166,Nenê Hilário,C,20,DEN,80,2258,15.4,.545,.005,.551,10.2,15.3,12.7,12.2,3.0,2.3,19.1,18.7,,1.3,3.8,5.0,.107,,-0.6,3.1,2.5,2.6
207,175,Nate Huffman,C,27,TOR,7,76,11.8,.403,.000,.320,12.9,21.9,17.2,11.0,0.7,2.8,9.5,18.9,,0.0,0.1,0.1,.040,,-3.8,-0.8,-4.5,0.0
213,179,Steven Hunter,C,21,ORL,33,447,13.4,.531,.000,.427,9.5,14.5,11.9,2.2,1.0,5.9,10.9,13.7,,0.4,0.5,0.9,.099,,-3.2,0.9,-2.3,0.0
214,180,Zydrunas Ilgauskas,C,27,CLE,81,2432,19.4,.516,.004,.456,10.8,17.4,14.1,10.1,1.2,4.4,13.5,27.8,,2.9,2.1,5.0,.099,,-0.5,-0.4,-0.9,0.7
222,185,Marc Jackson,C,28,MIN,77,1041,13.4,.508,.003,.427,9.6,14.7,12.2,5.4,1.2,2.1,12.5,20.6,,1.0,1.0,2.0,.092,,-2.4,-1.3,-3.7,-0.4
226,189,Jerome James,C,27,SEA,51,766,13.1,.506,.000,.397,11.8,21.5,16.6,6.1,0.9,8.4,21.6,21.3,,-0.5,1.3,0.8,.052,,-5.2,3.0,-2.1,0.0
235,198,Ervin Johnson,C,35,MIL,69,1170,9.4,.492,.000,.326,11.7,17.8,14.7,2.9,1.5,4.0,18.1,7.5,,1.0,0.9,1.9,.079,,-2.4,1.6,-0.8,0.4
237,200,Ken Johnson,C,24,MIA,16,156,6.1,.404,.000,.162,2.9,21.3,11.8,0.0,0.4,6.0,13.1,13.8,,-0.2,0.2,0.0,-0.002,,-9.9,-0.1,-10.0,-0.3
245,207,Shawn Kemp,C,33,ORL,79,1633,11.7,.468,.002,.307,10.0,21.9,15.8,5.5,2.1,1.5,15.1,18.5,,0.0,2.1,2.0,.059,,-4.0,0.1,-4.0,-0.8
251,213,Travis Knight,C,28,NYK,32,287,8.3,.424,.015,.200,7.2,18.4,12.7,7.4,1.5,2.3,12.4,13.0,,0.0,0.3,0.2,.040,,-4.4,1.1,-3.2,-0.1
254,216,Raef LaFrentz,C,26,DAL,69,1611,16.5,.578,.226,.171,8.5,14.0,11.3,5.3,1.1,4.2,7.7,16.9,,3.8,2.0,5.8,.173,,1.6,1.1,2.7,1.9
267,226,Todd MacCulloch,C,27,PHI,42,812,14.9,.548,.000,.332,9.4,19.1,14.2,4.1,1.2,3.1,11.4,17.0,,1.2,1.0,2.2,.130,,-1.6,0.0,-1.6,0.1
271,230,Jamaal Magloire,C,24,NOH,82,2443,15.4,.541,.005,.507,12.2,22.3,17.2,5.9,1.1,3.3,16.9,17.4,,2.9,3.8,6.7,.133,,-1.5,1.6,0.0,1.2
283,241,Anthony Mason,C,36,MIL,65,2119,11.3,.524,.003,.298,4.9,18.1,11.5,14.6,0.8,0.4,15.1,11.5,,2.5,0.6,3.1,.069,,-1.0,0.0,-0.9,0.6
288,244,Tony Massenburg,C,35,UTA,58,792,9.2,.508,.000,.362,9.4,14.3,11.9,3.6,1.2,1.9,15.7,18.5,,0.2,0.8,1.0,.061,,-3.4,-1.3,-4.7,-0.5
290,246,Amal McCaskill,C,29,ATL,11,70,7.3,.293,.000,.235,11.9,23.5,17.9,10.8,2.3,1.0,9.6,13.6,,-0.1,0.1,0.0,.015,,-5.1,0.6,-4.5,0.0
291,247,Jelani McCoy,C,25,TOR,67,1367,12.4,.507,.000,.319,7.6,22.6,14.8,5.5,1.1,3.1,17.6,18.3,,-0.3,1.3,1.0,.035,,-4.4,-0.1,-4.5,-0.9
297,253,Chris Mihm,C,23,CLE,52,809,13.2,.462,.010,.366,12.6,19.5,16.0,6.0,1.1,3.3,12.6,20.5,,0.2,0.7,0.9,.053,,-3.6,-1.3,-4.9,-0.6
300,256,Brad Miller,C,26,IND,73,2270,19.3,.579,.024,.535,9.4,20.2,14.9,14.5,1.5,1.4,12.5,18.7,,6.1,3.4,9.6,.202,,2.0,1.8,3.8,3.3
306,260,Yao Ming*,C,22,HOU,82,2382,20.6,.570,.002,.461,9.7,22.6,16.3,10.6,0.7,4.4,15.2,22.1,,5.2,3.5,8.7,.176,,0.2,1.7,1.9,2.4
309,262,Nazr Mohammed,C,25,ATL,35,445,12.4,.452,.000,.258,12.5,20.2,16.5,2.4,1.9,3.3,12.4,20.8,,-0.1,0.5,0.4,.045,,-4.9,-1.8,-6.6,-0.5
310,263,Jérôme Moïso,C,24,NOH,51,644,14.5,.542,.000,.240,10.5,21.7,16.1,5.8,1.6,4.9,19.6,16.6,,0.3,1.2,1.5,.109,,-3.4,2.2,-1.2,0.1
311,264,Mikki Moore,C,27,TOT,8,43,17.9,.517,.000,.769,16.4,5.1,10.6,12.5,0.0,6.9,10.3,20.7,,0.1,0.0,0.1,.157,,-0.1,-0.1,-0.2,0.0
312,264,Mikki Moore,C,27,BOS,3,12,-3.1,.000,.000,.000,9.2,0.0,4.7,0.0,0.0,13.1,0.0,3.9,,0.0,0.0,0.0,.018,,-8.9,5.8,-3.0,0.0
313,264,Mikki Moore,C,27,ATL,5,31,26.1,.549,.000,.833,19.1,7.1,12.9,17.4,0.0,4.5,10.9,27.2,,0.1,0.0,0.1,.211,,3.3,-2.3,1.0,0.0
320,269,Dikembe Mutombo*,C,36,NJN,24,514,11.2,.445,.000,.420,12.0,22.0,17.0,5.8,0.4,5.4,18.0,16.6,,-0.2,1.0,0.8,.076,,-5.1,2.4,-2.7,-0.1
321,270,Mamadou N'Diaye,C,27,TOR,22,364,13.5,.514,.000,.490,8.7,17.3,12.8,3.2,1.2,6.2,15.3,17.3,,0.2,0.4,0.6,.075,,-4.2,0.8,-3.3,-0.1
326,275,Rasho Nesterović,C,26,MIN,77,2337,14.7,.536,.003,.125,7.3,16.9,12.2,7.7,0.9,3.6,11.0,17.5,,2.6,2.6,5.2,.107,,-0.6,1.3,0.6,1.6
331,280,Shaquille O'Neal*,C,30,LAL,67,2535,29.5,.602,.000,.599,11.4,21.6,16.5,16.2,0.8,4.5,11.4,30.2,,10.2,3.0,13.2,.250,,5.5,0.8,6.3,5.3
333,281,Charles Oakley,C,39,WAS,42,514,8.3,.529,.000,.618,8.5,16.2,12.3,11.7,1.4,0.9,23.1,8.4,,0.5,0.5,0.9,.088,,-2.3,0.9,-1.3,0.1
340,286,Michael Olowokandi,C,27,LAC,36,1369,10.5,.457,.000,.241,4.7,22.3,13.6,5.9,0.7,4.1,16.9,19.2,,-1.5,1.3,-0.2,-0.006,,-5.1,1.2,-3.9,-0.7
341,287,Greg Ostertag,C,29,UTA,81,1926,11.5,.531,.000,.601,11.8,19.6,15.8,4.4,0.6,5.9,20.1,12.3,,0.8,2.6,3.4,.084,,-2.3,2.7,0.4,1.2
342,288,Bo Outlaw,C,31,PHO,80,1800,12.2,.574,.007,.417,8.3,14.8,11.6,9.2,1.5,2.9,18.8,10.1,,2.2,2.2,4.4,.116,,-1.0,2.9,1.9,1.8
344,290,Olumide Oyedeji,C,21,ORL,27,145,9.4,.485,.000,.478,7.7,32.5,19.7,5.1,1.8,1.5,15.2,10.1,,0.1,0.2,0.3,.101,,-5.3,0.7,-4.6,-0.1
363,306,Scot Pollard,C,27,SAC,23,325,14.6,.497,.000,.437,16.0,18.8,17.5,2.7,2.0,3.1,12.6,16.1,,0.4,0.6,1.0,.150,,-2.3,0.9,-1.4,0.0
368,309,Vitaly Potapenko,C,27,SEA,26,403,8.2,.492,.000,.312,7.2,19.0,13.0,1.6,1.2,1.6,19.1,15.2,,-0.2,0.4,0.2,.027,,-6.1,-1.0,-7.0,-0.5
370,311,Joel Przybilla,C,23,MIL,32,546,7.9,.424,.000,.522,10.2,20.9,15.5,3.0,1.0,6.1,25.1,6.4,,0.1,0.5,0.6,.051,,-4.1,2.9,-1.3,0.1
374,315,Theo Ratliff,C,29,ATL,81,2518,13.8,.512,.000,.360,7.3,19.7,13.7,4.8,1.2,7.3,16.6,15.0,,0.7,3.4,4.0,.077,,-3.4,3.3,0.0,1.2
375,316,Željko Rebrača,C,30,DET,30,488,14.0,.596,.000,.331,6.5,16.0,11.2,3.6,0.7,2.6,14.9,19.2,,0.7,0.7,1.3,.133,,-2.5,-0.5,-3.1,-0.1
378,319,Efthimi Rentzias,C,27,PHI,35,144,10.6,.413,.136,.153,8.0,13.3,10.6,8.0,2.2,1.1,6.0,20.9,,0.0,0.2,0.2,.058,,-3.0,-1.6,-4.7,-0.1
385,325,David Robinson*,C,37,SAS,64,1676,17.8,.531,.000,.510,11.8,22.8,17.6,5.9,1.7,4.6,13.9,16.5,,2.5,3.6,6.0,.172,,-1.2,3.3,2.1,1.7
389,329,Sean Rooks,C,33,LAC,70,1344,7.7,.460,.003,.195,4.5,13.7,9.1,8.2,1.3,2.3,17.0,13.1,,-0.4,0.8,0.4,.015,,-4.0,0.7,-3.4,-0.5
395,335,Arvydas Sabonis*,C,38,POR,78,1209,20.5,.549,.017,.454,8.8,24.7,16.7,19.3,2.7,3.1,14.8,19.4,,2.6,2.3,4.9,.196,,0.7,3.4,4.1,1.9
397,337,Soumaila Samake,C,24,LAL,13,77,12.9,.442,.000,.083,14.5,19.2,16.8,8.0,0.0,4.7,7.4,15.5,,0.1,0.1,0.2,.102,,-2.7,-0.6,-3.3,0.0
420,357,Vladimir Stepania,C,26,MIA,79,1594,13.6,.454,.000,.314,14.9,25.6,20.1,2.7,1.5,2.0,12.4,16.4,,0.3,2.6,2.9,.089,,-3.9,0.3,-3.5,-0.6
431,367,Bruno Šundov,C,22,BOS,26,138,1.2,.281,.286,.036,6.4,16.9,11.5,8.8,2.3,1.7,13.7,22.2,,-0.6,0.2,-0.4,-0.139,,-9.7,-0.5,-10.2,-0.3
441,375,Kurt Thomas,C,30,NYK,81,2577,16.7,.511,.003,.179,7.1,22.2,14.5,11.3,1.7,2.8,11.1,22.4,,2.3,3.0,5.4,.100,,-0.9,1.8,0.9,1.9
445,379,Robert Traylor,C,25,NOH,69,851,15.3,.486,.013,.371,14.6,21.3,17.9,9.7,2.8,3.1,16.1,17.6,,0.7,1.7,2.4,.133,,-1.6,2.7,1.1,0.7
449,382,Cezary Trybański,C,23,MEM,15,86,-1.4,.287,.000,.500,8.0,10.3,9.2,1.6,0.0,4.8,24.7,17.0,,-0.4,0.0,-0.3,-0.186,,-10.8,-1.2,-12.0,-0.2
450,383,Jake Tsakalidis,C,23,PHO,33,543,10.2,.501,.000,.430,9.3,16.2,12.7,3.7,0.6,2.3,13.9,15.4,,0.3,0.5,0.9,.078,,-3.4,-0.4,-3.8,-0.3
456,389,Jake Voskuhl,C,25,PHO,65,947,11.8,.604,.000,.589,11.5,15.4,13.4,5.7,1.0,2.3,19.0,12.0,,1.5,1.0,2.5,.129,,-1.1,0.9,-0.2,0.4
459,392,Samaki Walker,C,26,LAL,67,1243,11.6,.465,.004,.369,10.3,23.1,16.7,7.5,0.8,3.2,15.0,13.4,,0.6,1.4,2.1,.079,,-3.4,0.8,-2.6,-0.2
460,393,Ben Wallace,C,28,DET,73,2873,17.2,.486,.014,.432,11.9,34.9,23.2,6.9,2.0,5.9,14.5,10.2,,2.7,7.9,10.6,.176,,-1.9,7.0,5.1,5.1
471,403,Jahidi White,C,26,WAS,16,230,14.8,.523,.000,.472,19.0,18.6,18.8,1.4,0.2,3.9,12.3,15.0,,0.4,0.2,0.6,.134,,-1.9,-2.1,-4.0,-0.1
480,408,Aaron Williams,C,31,NJN,81,1597,11.9,.504,.002,.296,9.8,13.9,11.8,9.0,0.9,2.7,14.6,16.4,,1.2,2.4,3.7,.110,,-2.3,1.3,-1.0,0.4
489,417,Scott Williams,C,34,PHO,69,872,9.7,.440,.007,.144,9.2,15.8,12.5,4.1,1.6,1.8,9.3,17.6,,0.1,1.1,1.1,.063,,-4.0,-0.4,-4.4,-0.5
496,421,Kevin Willis,C,40,SAS,71,840,12.5,.506,.008,.323,12.0,18.8,15.6,4.9,1.3,1.7,17.0,19.5,,0.2,1.3,1.6,.091,,-3.3,-0.4,-3.7,-0.4
498,423,Loren Woods,C,24,MIN,38,353,9.9,.455,.039,.355,8.9,21.3,15.2,7.5,1.5,2.6,20.7,14.2,,-0.1,0.5,0.4,.048,,-4.4,1.3,-3.2,-0.1
501,426,Lorenzen Wright,C,27,MEM,70,1982,14.4,.489,.007,.311,9.8,20.0,15.0,6.7,1.3,1.9,11.9,21.0,,1.0,1.5,2.5,.061,,-1.9,-0.5,-2.4,-0.2
503,428,Wang Zhizhi,C,25,LAC,41,412,11.6,.485,.290,.358,7.2,13.9,10.6,4.3,1.0,1.7,14.2,24.0,,-0.1,0.2,0.1,.014,,-3.1,-3.6,-6.8,-0.5
