,Rk,Player,Pos,Age,Tm,G,MP,PER,TS%,3PAr,FTr,ORB%,DRB%,TRB%,AST%,STL%,BLK%,TOV%,USG%,Unnamed: 19,OWS,DWS,WS,WS/48,Unnamed: 24,OBPM,DBPM,BPM,VORP
14,10,Robert Archibald,C,23,TOR,30,246,5.6,.346,.000,.900,9.8,13.6,11.7,7.7,2.9,0.9,17.7,10.0,,-0.2,0.4,0.2,.049,,-5.3,2.6,-2.7,0.0
33,24,Mengke Bateer,C,28,TOR,7,40,7.2,.571,.000,.000,14.3,8.7,11.5,4.4,1.4,0.0,22.2,10.9,,0.0,0.0,0.1,.090,,-2.7,-0.5,-3.2,0.0
34,25,Tony Battie,C,27,TOT,73,1478,11.9,.482,.023,.232,9.0,18.1,13.6,6.4,0.9,3.3,13.0,14.8,,0.8,1.4,2.3,.074,,-2.9,0.5,-2.4,-0.1
35,25,Tony Battie,C,27,BOS,23,501,11.7,.517,.009,.282,9.1,17.7,13.5,6.9,0.8,3.1,15.4,14.1,,0.4,0.5,0.8,.081,,-2.9,0.7,-2.2,0.0
36,25,Tony Battie,C,27,CLE,50,977,12.0,.466,.030,.210,8.9,18.3,13.6,6.1,1.0,3.4,11.8,15.2,,0.4,1.0,1.4,.070,,-2.9,0.4,-2.5,-0.1
40,27,Lonny Baxter,C,25,TOR,36,487,12.6,.491,.008,.438,9.9,18.8,14.3,3.8,1.6,2.7,12.6,17.4,,0.2,0.8,1.0,.095,,-4.4,0.4,-3.9,-0.2
52,36,Corie Blount,C,35,TOR,16,294,6.9,.393,.000,.064,8.6,18.5,13.5,5.6,2.1,1.2,14.2,9.3,,-0.1,0.5,0.4,.069,,-5.0,2.4,-2.6,0.0
53,37,Mark Blount,C,28,BOS,82,2402,16.0,.601,.000,.366,10.1,17.9,14.0,5.4,1.7,3.4,17.6,16.1,,3.7,2.9,6.5,.131,,-0.7,1.6,0.8,1.7
55,39,Calvin Booth,C,27,SEA,71,1206,13.6,.521,.007,.324,8.5,18.8,13.7,3.7,0.8,6.3,12.0,14.4,,1.3,0.9,2.2,.088,,-2.9,1.3,-1.6,0.1
58,41,Curtis Borchardt,C,23,UTA,16,258,7.9,.454,.018,.321,6.2,20.0,13.0,9.8,0.9,4.6,22.0,14.8,,-0.2,0.3,0.1,.026,,-5.0,1.8,-3.2,-0.1
59,42,Chris Bosh,C,19,TOR,75,2510,15.1,.513,.020,.404,8.7,16.9,12.8,5.8,1.3,3.1,11.3,18.3,,2.5,3.8,6.2,.119,,-2.0,1.7,-0.3,1.1
60,43,Ruben Boumtje-Boumtje,C,25,POR,9,26,3.4,.340,.000,.400,0.0,4.5,2.3,5.6,0.0,2.9,0.0,10.7,,0.0,0.0,0.0,-0.014,,-6.7,-2.1,-8.8,0.0
66,47,Michael Bradley,C,24,ATL,11,60,5.8,.500,.000,.000,9.5,13.1,11.3,0.0,1.8,0.0,25.0,12.1,,0.0,0.0,0.0,-0.012,,-6.2,-4.0,-10.2,-0.1
67,48,Shawn Bradley,C,31,DAL,66,773,15.6,.523,.005,.261,9.9,14.6,12.2,3.6,2.2,7.1,7.5,12.8,,1.5,0.9,2.3,.145,,-0.6,2.7,2.2,0.8
76,53,Primož Brezec,C,24,IND,18,72,9.7,.489,.000,.231,8.1,16.6,12.3,7.9,0.0,3.2,17.3,22.7,,0.0,0.1,0.1,.040,,-5.4,-0.8,-6.1,-0.1
96,68,Marcus Camby,C,29,DEN,72,2162,17.8,.511,.004,.248,10.9,27.4,19.0,9.6,2.0,6.1,13.9,14.3,,2.6,4.3,6.9,.154,,-0.9,4.9,4.1,3.3
97,69,Elden Campbell,C,35,DET,65,892,13.8,.490,.000,.395,6.8,20.1,13.6,9.3,1.3,4.3,14.6,22.6,,0.1,2.0,2.1,.115,,-3.9,1.9,-1.9,0.0
116,83,Derrick Coleman,C,36,PHI,34,843,11.6,.471,.139,.251,6.3,20.3,13.4,9.9,1.5,2.4,16.5,19.2,,-0.4,1.2,0.8,.047,,-3.3,1.3,-2.0,0.0
118,85,Jason Collier,C,26,ATL,20,545,14.6,.558,.024,.515,7.6,15.4,11.5,5.5,1.1,1.5,13.3,19.5,,0.9,0.3,1.2,.105,,-1.2,-1.8,-3.0,-0.1
119,86,Jarron Collins,C,25,UTA,81,1732,11.1,.587,.003,.888,8.3,14.5,11.3,7.5,0.8,0.9,16.1,13.1,,3.1,1.1,4.2,.117,,-0.5,-0.6,-1.1,0.4
120,87,Jason Collins,C,25,NJN,78,2220,10.0,.497,.005,.479,7.6,13.6,10.6,10.8,1.6,1.9,17.3,11.9,,1.4,3.5,4.9,.105,,-2.6,2.6,0.0,1.1
121,88,Brian Cook,C,23,LAL,35,442,14.0,.505,.035,.199,7.8,18.2,12.9,7.4,1.9,2.7,10.0,17.3,,0.5,0.7,1.1,.122,,-2.0,0.9,-1.1,0.1
128,95,Samuel Dalembert,C,22,PHI,82,2197,16.1,.566,.002,.349,10.5,22.9,16.8,1.7,1.1,6.8,13.0,14.1,,3.0,4.0,6.9,.151,,-2.4,2.5,0.1,1.2
129,96,Erick Dampier,C,28,GSW,74,2403,20.1,.573,.003,.511,16.1,25.5,20.8,4.3,0.7,4.1,14.1,17.8,,5.5,3.4,8.9,.178,,0.4,1.1,1.4,2.1
132,99,Antonio Davis,C,35,TOT,80,2570,11.8,.465,.000,.348,8.7,20.4,14.4,9.0,0.8,1.9,13.0,15.5,,1.0,2.8,3.8,.071,,-3.2,1.1,-2.1,0.0
133,99,Antonio Davis,C,35,TOR,15,538,10.6,.456,.000,.408,10.4,20.2,15.3,4.5,0.8,1.1,12.9,14.7,,0.1,0.7,0.9,.078,,-4.0,0.6,-3.4,-0.2
134,99,Antonio Davis,C,35,CHI,65,2032,12.1,.467,.000,.335,8.3,20.5,14.2,10.1,0.7,2.1,13.1,15.7,,0.9,2.0,2.9,.069,,-2.9,1.2,-1.7,0.2
137,101,Dale Davis,C,34,POR,76,1682,12.9,.505,.000,.377,11.3,16.8,14.1,6.6,1.4,2.8,10.9,10.3,,2.4,1.5,3.9,.110,,-0.9,1.5,0.6,1.1
145,105,Andrew DeClercq,C,30,ORL,71,1211,10.6,.526,.000,.277,12.0,17.8,14.8,5.5,2.1,1.9,19.8,10.2,,1.1,0.6,1.7,.069,,-1.7,0.6,-1.2,0.3
153,111,DeSagana Diop,C,22,CLE,56,730,10.4,.404,.000,.136,10.9,19.2,15.1,7.1,1.9,5.0,15.7,11.3,,-0.1,1.1,1.0,.063,,-3.7,3.0,-0.7,0.2
154,112,Vlade Divac*,C,35,SAC,81,2317,16.3,.511,.019,.389,6.8,15.6,11.3,28.7,1.3,2.3,18.1,18.6,,3.5,1.8,5.3,.110,,0.2,1.0,1.1,1.8
156,114,Michael Doleac,C,26,TOT,72,1029,12.4,.471,.000,.161,9.9,19.6,14.8,7.2,1.2,2.6,12.2,17.4,,0.5,1.2,1.7,.079,,-2.9,0.3,-2.6,-0.1
157,114,Michael Doleac,C,26,NYK,46,685,14.0,.480,.000,.160,10.3,21.4,15.9,7.6,1.3,3.3,13.3,18.8,,0.3,0.9,1.2,.085,,-2.8,1.0,-1.8,0.0
158,114,Michael Doleac,C,26,DEN,26,344,9.1,.452,.000,.165,9.1,16.0,12.5,6.3,0.9,1.2,9.6,14.7,,0.2,0.3,0.5,.069,,-3.0,-1.1,-4.1,-0.2
161,117,Predrag Drobnjak,C,28,LAC,61,949,12.6,.458,.095,.227,6.4,17.2,11.8,7.4,1.2,1.8,10.3,21.7,,0.3,0.4,0.7,.034,,-3.0,-2.4,-5.4,-0.8
170,123,Francisco Elson,C,27,DEN,62,875,11.2,.498,.005,.226,8.3,18.1,13.1,5.6,2.1,3.1,13.8,12.7,,0.6,1.2,1.8,.097,,-2.6,1.7,-1.0,0.2
179,132,Danny Fortson,C,27,DAL,56,625,15.9,.605,.000,.662,19.3,24.3,21.8,2.0,1.0,1.3,17.1,15.2,,1.9,0.4,2.3,.177,,0.3,-3.1,-2.8,-0.1
180,133,Jeff Foster,C,27,IND,82,1961,16.2,.578,.011,.425,14.8,22.0,18.4,5.5,2.0,1.1,12.3,11.8,,4.4,3.8,8.3,.202,,0.7,2.4,3.1,2.5
183,136,Adonal Foyle,C,28,GSW,44,572,13.0,.471,.000,.269,10.6,22.3,16.4,4.8,0.6,5.8,12.6,13.4,,0.3,0.8,1.1,.093,,-3.8,2.1,-1.7,0.0
187,140,Dan Gadzuric,C,25,MIL,75,1260,17.0,.529,.003,.338,11.4,19.8,15.6,3.7,2.1,6.1,10.1,16.0,,1.7,2.0,3.7,.141,,-0.8,2.6,1.8,1.2
208,154,Brian Grant,C,31,MIA,76,2303,12.1,.502,.002,.179,8.7,17.9,13.3,5.3,1.2,1.2,11.0,15.2,,2.1,2.8,4.9,.101,,-2.0,0.6,-1.4,0.4
210,156,Paul Grant,C,30,UTA,10,98,5.1,.471,.000,.348,8.7,12.9,10.8,5.4,0.6,0.9,20.9,15.9,,-0.1,0.1,0.0,-0.015,,-4.8,-2.0,-6.8,-0.1
220,163,Zendon Hamilton,C,28,PHI,46,473,15.9,.616,.000,1.011,12.3,23.9,18.2,4.8,0.9,1.3,16.4,16.3,,1.1,0.6,1.8,.178,,-1.4,-1.0,-2.5,-0.1
221,164,Ben Handlogten,C,30,UTA,17,172,17.1,.577,.000,.574,15.6,24.2,19.8,6.5,1.0,2.0,14.5,18.6,,0.4,0.2,0.6,.168,,-0.1,-1.4,-1.5,0.0
237,176,Brendan Haywood,C,24,WAS,77,1484,17.2,.547,.003,.603,13.7,15.6,14.6,5.2,1.1,4.9,14.0,17.0,,2.4,1.4,3.8,.123,,-0.9,0.6,-0.3,0.6
255,193,Steven Hunter,C,22,ORL,59,789,11.2,.504,.000,.445,7.6,17.0,12.2,2.4,0.3,6.7,13.5,12.3,,0.3,0.3,0.6,.034,,-4.3,0.3,-4.0,-0.4
256,194,Zydrunas Ilgauskas,C,28,CLE,81,2539,20.2,.541,.007,.421,12.1,16.3,14.2,7.8,0.8,5.6,12.5,23.1,,5.0,2.8,7.8,.147,,0.9,0.8,1.7,2.4
265,202,Jerome James,C,28,SEA,65,990,11.3,.535,.000,.386,9.4,18.0,13.7,5.3,1.1,4.6,21.3,18.0,,0.1,0.6,0.7,.036,,-3.7,0.5,-3.2,-0.3
277,210,Britton Johnsen,C,24,ORL,20,290,2.6,.318,.203,.271,5.7,12.0,8.8,6.1,1.3,0.2,17.5,12.5,,-0.5,0.0,-0.6,-0.096,,-5.9,-1.9,-7.8,-0.4
281,214,Ervin Johnson,C,36,MIN,66,965,8.5,.551,.010,.272,7.6,19.2,13.7,3.5,1.5,3.2,20.6,7.1,,0.6,1.7,2.3,.115,,-3.3,3.0,-0.2,0.4
292,224,Chris Kaman,C,21,LAC,82,1843,9.6,.502,.005,.326,7.7,20.9,14.2,7.7,0.7,2.9,23.8,15.7,,-0.9,0.9,0.0,.001,,-4.0,0.1,-3.8,-0.9
304,233,Raef LaFrentz,C,27,BOS,17,328,16.8,.509,.323,.105,10.7,16.8,13.8,13.4,1.3,3.1,7.8,19.5,,0.6,0.3,0.9,.137,,1.4,0.1,1.5,0.3
305,234,Maciej Lampe,C,18,PHO,21,224,12.2,.512,.045,.148,4.6,17.9,11.2,7.2,0.7,1.0,13.8,21.9,,0.0,0.1,0.1,.029,,-4.0,-2.9,-6.9,-0.3
319,245,Mark Madsen,C,28,MIN,72,1246,9.4,.506,.029,.578,13.0,12.0,12.5,3.3,1.4,1.0,15.5,11.5,,1.1,1.5,2.7,.103,,-1.6,0.5,-1.2,0.3
321,247,Jamaal Magloire,C,25,NOH,82,2777,16.5,.551,.001,.581,10.7,24.4,17.4,5.5,0.8,2.8,16.5,20.0,,3.9,3.7,7.6,.131,,-2.0,0.4,-1.6,0.3
339,259,Amal McCaskill,C,30,PHI,59,636,7.3,.438,.009,.231,9.0,15.6,12.3,5.2,1.0,2.5,16.2,11.4,,-0.1,0.7,0.6,.047,,-4.5,0.9,-3.6,-0.3
340,260,Jelani McCoy,C,26,CLE,2,12,-3.8,,,,9.2,27.7,18.4,0.0,0.0,0.0,100.0,3.7,,0.0,0.0,0.0,-0.044,,-10.7,-2.6,-13.3,0.0
355,268,Chris Mihm,C,24,BOS,54,939,13.8,.539,.000,.465,13.6,19.6,16.6,2.0,1.5,3.4,17.5,18.0,,0.8,1.2,1.9,.099,,-3.4,-0.8,-4.2,-0.5
359,270,Darko Miličić,C,18,DET,34,159,6.1,.318,.015,.369,8.1,22.9,15.6,7.5,2.4,7.2,14.7,26.0,,-0.6,0.5,-0.2,-0.049,,-10.2,3.4,-6.8,-0.2
363,274,Oliver Miller,C,33,MIN,48,506,12.9,.549,.010,.230,11.0,18.0,14.7,10.7,2.0,3.7,23.1,13.3,,0.4,1.0,1.4,.130,,-2.0,3.4,1.5,0.4
365,276,Yao Ming*,C,23,HOU,82,2692,21.9,.586,.002,.435,9.1,22.4,16.1,9.3,0.4,4.5,14.3,25.3,,6.5,4.8,11.4,.202,,0.3,1.6,1.9,2.6
367,278,Nazr Mohammed,C,26,TOT,80,1611,16.1,.542,.000,.358,12.8,20.7,16.8,4.0,1.8,2.4,14.9,18.3,,1.8,1.9,3.7,.110,,-1.5,-0.4,-1.9,0.1
368,278,Nazr Mohammed,C,26,ATL,53,938,14.8,.525,.000,.393,12.3,19.8,16.1,3.8,1.2,2.1,14.3,18.6,,0.9,0.8,1.7,.087,,-2.4,-1.8,-4.2,-0.5
369,278,Nazr Mohammed,C,26,NYK,27,673,18.1,.567,.000,.307,13.4,22.0,17.8,4.2,2.6,2.8,15.8,17.9,,0.9,1.1,2.0,.144,,-0.3,1.6,1.4,0.6
372,280,Mikki Moore,C,28,NJN,4,10,-3.5,.200,.000,.000,11.8,11.8,11.8,0.0,0.0,0.0,0.0,23.5,,-0.1,0.0,0.0,-0.202,,-13.9,-8.2,-22.2,-0.1
375,281,Alonzo Mourning*,C,33,NJN,12,215,13.3,.558,.000,.479,4.4,10.4,7.4,6.6,0.5,2.2,10.4,20.9,,0.4,0.3,0.6,.140,,-2.7,-1.6,-4.4,-0.1
380,286,Dikembe Mutombo*,C,37,NYK,65,1494,14.3,.523,.000,.403,11.4,22.2,16.9,2.7,0.6,6.2,13.5,12.5,,1.6,2.1,3.8,.122,,-2.5,2.4,-0.1,0.7
381,287,Mamadou N'Diaye,C,28,TOT,28,366,12.9,.516,.000,.855,13.4,21.1,17.3,0.0,1.2,5.0,15.9,14.0,,0.4,0.4,0.8,.104,,-4.9,-2.6,-7.6,-0.5
382,287,Mamadou N'Diaye,C,28,DAL,3,7,-8.1,.000,.000,.000,0.0,16.0,7.8,0.0,0.0,10.6,50.0,12.5,,-0.1,0.0,0.0,-0.306,,-16.9,3.0,-13.9,0.0
383,287,Mamadou N'Diaye,C,28,ATL,25,359,13.3,.521,.000,.868,13.7,21.2,17.5,0.0,1.2,4.9,15.3,14.1,,0.4,0.4,0.8,.112,,-4.7,-2.7,-7.4,-0.5
391,292,Rasho Nesterović,C,27,SAS,82,2353,15.3,.473,.000,.163,12.4,17.6,15.0,8.4,1.2,5.1,12.5,16.8,,1.6,5.6,7.2,.147,,-1.6,4.5,2.9,2.9
396,295,Dirk Nowitzki,C,25,DAL,77,2915,22.5,.561,.221,.323,3.3,22.2,12.5,11.3,1.6,2.6,8.3,24.5,,9.0,2.5,11.5,.190,,3.5,0.0,3.4,4.0
398,297,Shaquille O'Neal*,C,31,LAL,67,2464,24.4,.578,.000,.713,11.1,24.4,17.7,14.8,0.7,5.0,13.5,26.3,,5.9,4.0,9.9,.192,,2.8,2.6,5.4,4.6
404,302,Michael Olowokandi,C,28,MIN,43,925,11.2,.446,.000,.214,10.2,19.6,15.1,4.1,0.9,5.3,14.8,18.6,,-0.5,1.7,1.2,.061,,-5.0,1.8,-3.1,-0.3
405,303,Greg Ostertag,C,30,UTA,78,2153,14.3,.506,.002,.446,12.6,20.9,16.7,9.8,0.8,5.5,15.9,13.4,,2.3,2.7,5.0,.111,,-0.7,3.1,2.4,2.4
411,307,Zaza Pachulia,C,19,ORL,59,664,10.8,.452,.000,.514,11.5,18.3,14.9,3.1,1.7,1.3,13.7,16.9,,0.1,0.2,0.3,.023,,-4.1,-2.5,-6.6,-0.8
420,313,Cherokee Parks,C,31,GSW,12,64,7.0,.475,.000,.600,7.0,10.6,8.8,2.4,0.0,3.4,13.7,10.5,,0.0,0.0,0.1,.043,,-4.8,-0.4,-5.2,-0.1
427,320,Kendrick Perkins,C,19,BOS,10,35,22.8,.580,.000,.600,16.7,28.9,22.9,17.4,0.0,4.4,20.9,31.1,,0.1,0.0,0.1,.145,,-0.9,-0.3,-1.3,0.0
439,328,Scot Pollard,C,28,IND,61,678,8.3,.430,.000,.184,11.6,17.1,14.3,2.4,1.9,2.9,15.1,10.1,,0.1,1.3,1.4,.098,,-4.0,2.4,-1.6,0.1
440,329,Olden Polynice,C,39,LAC,2,12,-9.2,,,,9.4,9.6,9.5,11.7,4.4,0.0,100.0,14.8,,-0.1,0.0,-0.1,-0.394,,-14.9,3.7,-11.2,0.0
443,332,Vitaly Potapenko,C,28,SEA,65,1419,11.2,.511,.000,.225,8.4,15.5,12.0,6.2,0.8,1.5,14.6,17.2,,0.8,0.3,1.1,.037,,-2.4,-1.2,-3.6,-0.6
445,334,Joel Przybilla,C,24,TOT,17,347,6.7,.385,.000,.620,10.5,25.5,18.1,2.9,0.8,3.6,22.0,10.7,,-0.3,0.4,0.1,.007,,-6.2,0.4,-5.8,-0.3
446,334,Joel Przybilla,C,24,MIL,5,33,3.4,.568,,,3.4,31.0,17.2,12.1,0.0,0.0,69.4,4.0,,0.0,0.0,0.0,.016,,-5.7,0.9,-4.8,0.0
447,334,Joel Przybilla,C,24,ATL,12,314,7.1,.382,.000,.580,11.3,25.0,18.2,1.9,0.8,4.0,20.3,11.4,,-0.3,0.3,0.0,.006,,-6.2,0.3,-5.9,-0.3
450,337,Theo Ratliff,C,30,TOT,85,2664,14.4,.521,.000,.395,8.6,17.9,13.3,4.3,1.1,8.6,15.7,13.2,,1.8,3.4,5.2,.094,,-2.6,4.0,1.4,2.3
451,337,Theo Ratliff,C,30,ATL,53,1648,12.9,.500,.000,.394,7.3,18.8,13.1,5.1,1.0,7.4,16.4,14.5,,0.4,1.9,2.3,.066,,-3.4,3.2,-0.2,0.7
452,337,Theo Ratliff,C,30,POR,32,1016,16.8,.566,.000,.398,10.6,16.6,13.6,3.1,1.3,10.4,14.1,11.2,,1.4,1.6,3.0,.140,,-1.3,5.4,4.1,1.6
453,338,Željko Rebrača,C,31,TOT,24,273,10.5,.504,.000,.390,9.9,14.6,12.2,4.0,1.0,3.0,15.9,18.2,,0.1,0.4,0.5,.097,,-3.9,-0.2,-4.1,-0.1
454,338,Željko Rebrača,C,31,DET,21,222,9.6,.498,.000,.519,10.1,15.4,12.8,3.0,1.2,3.1,16.4,16.7,,0.1,0.4,0.5,.115,,-4.2,0.6,-3.6,-0.1
455,338,Željko Rebrača,C,31,ATL,3,51,14.1,.523,.000,.087,9.0,11.0,10.0,8.3,0.0,2.9,14.3,24.9,,0.0,0.0,0.0,.016,,-2.8,-3.6,-6.4,-0.1
466,348,Sean Rooks,C,34,TOT,55,595,6.8,.421,.007,.245,4.5,14.3,9.3,7.7,1.3,1.3,11.6,14.5,,-0.2,0.3,0.2,.014,,-5.2,-1.1,-6.3,-0.6
467,348,Sean Rooks,C,34,NOH,35,325,5.0,.398,.000,.160,3.4,14.4,8.8,5.7,1.5,1.2,13.0,16.2,,-0.4,0.3,-0.1,-0.011,,-7.1,-0.8,-7.9,-0.5
468,348,Sean Rooks,C,34,ORL,20,270,9.0,.457,.018,.386,5.8,14.2,9.9,10.1,1.0,1.3,9.5,12.3,,0.2,0.0,0.2,.044,,-2.9,-1.4,-4.3,-0.2
477,355,Jamal Sampson,C,20,LAL,10,130,15.0,.513,.000,.522,19.7,25.6,22.6,7.9,0.8,2.3,17.5,11.8,,0.2,0.2,0.4,.156,,-0.8,1.1,0.3,0.1
478,356,Daniel Santiago,C,27,MIL,54,708,11.2,.536,.000,.552,5.6,15.6,10.6,5.3,1.4,2.2,13.6,15.0,,0.6,0.6,1.2,.083,,-2.2,0.2,-2.0,0.0
484,361,Brian Skinner,C,27,MIL,56,1577,14.4,.513,.000,.269,8.6,21.0,14.8,5.3,1.0,2.8,12.0,18.7,,1.2,1.6,2.7,.083,,-1.5,0.4,-1.1,0.4
486,363,Jabari Smith,C,26,SAC,31,168,9.2,.406,.043,.286,7.6,13.2,10.5,10.4,0.6,2.5,8.2,23.1,,-0.1,0.1,0.0,-0.005,,-5.1,-2.5,-7.6,-0.2
488,365,Leon Smith,C,23,SEA,1,4,21.7,.500,.000,.000,29.7,29.2,29.5,0.0,0.0,0.0,0.0,23.1,,0.0,0.0,0.0,.201,,-0.8,-12.0,-12.8,0.0
495,372,Vladimir Stepania,C,27,POR,42,453,12.2,.454,.000,.350,13.2,19.5,16.4,8.1,1.4,2.5,13.8,14.4,,0.3,0.4,0.8,.081,,-2.5,0.4,-2.1,0.0
501,374,Michael Stewart,C,28,BOS,17,71,1.5,.425,.000,.400,4.9,12.7,8.9,0.0,0.7,2.2,25.4,5.0,,0.0,0.0,0.0,.009,,-7.0,-1.2,-8.2,-0.1
509,380,Bruno Šundov,C,23,TOT,5,33,3.5,.435,.000,.600,6.7,26.8,16.8,6.4,0.0,0.0,19.2,21.3,,-0.1,0.0,0.0,-0.046,,-10.4,-9.0,-19.4,-0.1
510,380,Bruno Šundov,C,23,CLE,4,29,0.9,.387,.000,.667,7.6,30.5,19.1,0.0,0.0,0.0,20.5,22.6,,-0.1,0.0,-0.1,-0.111,,-12.7,-8.1,-20.9,-0.1
511,380,Bruno Šundov,C,23,NYK,1,4,22.4,1.000,.000,.000,0.0,0.0,0.0,52.7,0.0,0.0,0.0,11.6,,0.0,0.0,0.0,.424,,6.3,-14.9,-8.5,0.0
521,387,Etan Thomas,C,25,WAS,79,1901,16.4,.538,.000,.561,10.5,20.9,15.6,6.4,1.0,4.7,14.7,17.9,,2.5,2.1,4.5,.115,,-1.9,1.0,-0.9,0.5
528,392,Robert Traylor,C,26,NOH,71,942,16.2,.527,.017,.446,12.5,19.4,15.9,8.4,2.2,3.0,15.3,19.6,,1.0,1.5,2.5,.127,,-1.7,1.1,-0.6,0.3
529,393,Gary Trent,C,29,MIN,68,1025,12.9,.515,.018,.277,9.8,14.1,12.0,7.8,0.6,1.2,12.8,19.4,,1.1,1.2,2.3,.106,,-1.9,-1.0,-2.9,-0.2
531,395,Cezary Trybański,C,24,TOT,7,15,-12.1,.102,.000,.500,0.0,7.6,3.8,0.0,3.6,5.0,29.1,21.0,,-0.1,0.0,-0.1,-0.396,,-18.8,1.1,-17.6,-0.1
532,395,Cezary Trybański,C,24,PHO,4,10,-14.8,.000,.000,.000,0.0,11.5,5.7,0.0,0.0,7.4,50.0,18.1,,-0.1,0.0,-0.1,-0.480,,-22.0,0.7,-21.2,0.0
533,395,Cezary Trybański,C,24,NYK,3,5,-6.6,.174,.000,1.000,0.0,0.0,0.0,0.0,10.7,0.0,0.0,26.7,,0.0,0.0,0.0,-0.228,,-12.3,2.0,-10.3,0.0
534,396,Jake Tsakalidis,C,24,MEM,40,533,12.5,.532,.000,.459,7.8,19.5,13.6,5.5,0.9,3.0,12.6,15.5,,0.6,0.6,1.2,.105,,-2.6,0.3,-2.3,0.0
544,403,Jake Voskuhl,C,26,PHO,66,1606,11.2,.577,.000,.603,8.7,15.7,12.2,5.4,1.4,1.2,16.9,12.8,,2.3,1.0,3.3,.097,,-1.2,0.1,-1.1,0.4
545,404,Slavko Vraneš,C,21,POR,1,3,-20.4,.000,.000,.000,0.0,0.0,0.0,0.0,0.0,0.0,0.0,15.8,,0.0,0.0,0.0,-0.371,,-16.1,-5.3,-21.4,0.0
550,409,Ben Wallace,C,29,DET,81,3050,17.3,.441,.011,.388,12.5,25.5,19.1,7.7,2.6,6.1,12.3,15.3,,1.1,9.1,10.2,.160,,-1.6,6.8,5.1,5.5
573,422,Jahidi White,C,27,TOT,62,865,11.8,.532,.000,.663,12.7,21.7,17.2,1.3,1.5,4.4,21.2,16.3,,0.1,1.0,1.2,.064,,-4.4,-0.5,-4.9,-0.6
574,422,Jahidi White,C,27,WAS,1,4,-13.4,.000,.000,.000,0.0,0.0,0.0,0.0,0.0,18.0,50.0,22.1,,-0.1,0.0,0.0,-0.570,,-24.7,6.7,-18.1,0.0
575,422,Jahidi White,C,27,PHO,61,861,11.9,.534,.000,.667,12.8,21.8,17.3,1.3,1.5,4.3,21.0,16.2,,0.2,1.0,1.2,.067,,-4.3,-0.5,-4.8,-0.6
578,425,Chris Wilcox,C,21,LAC,65,1340,15.3,.557,.002,.344,10.5,15.4,13.0,7.0,1.1,1.1,13.7,19.3,,2.3,0.3,2.6,.094,,0.0,-2.2,-2.1,0.0
580,427,Aaron Williams,C,32,NJN,72,1337,13.2,.549,.009,.453,8.9,17.0,13.0,10.4,1.4,2.7,17.8,17.5,,1.1,2.3,3.4,.122,,-2.4,1.6,-0.9,0.4
591,434,Scott Williams,C,35,TOT,43,527,14.4,.500,.016,.145,8.0,20.2,14.0,5.1,2.0,2.3,7.5,18.1,,0.6,0.5,1.1,.104,,-1.9,-0.8,-2.7,-0.1
592,434,Scott Williams,C,35,PHO,16,267,19.3,.548,.020,.129,9.8,21.0,15.4,4.1,2.9,2.0,5.3,19.1,,0.6,0.4,1.0,.172,,0.0,-0.6,-0.6,0.1
593,434,Scott Williams,C,35,DAL,27,260,9.3,.444,.012,.165,6.1,19.3,12.6,6.1,1.0,2.6,9.9,17.0,,0.0,0.2,0.2,.033,,-3.8,-1.1,-4.9,-0.2
598,437,Kevin Willis,C,41,SAS,48,373,14.9,.491,.007,.260,11.2,18.1,14.7,5.5,3.0,1.8,16.1,24.7,,-0.1,1.0,0.9,.111,,-3.8,1.1,-2.7,-0.1
599,438,Loren Woods,C,25,MIA,38,506,12.3,.503,.000,.573,14.8,16.1,15.4,3.3,1.2,3.0,17.8,13.6,,0.4,0.6,1.1,.100,,-2.9,0.5,-2.4,-0.1
603,441,Lorenzen Wright,C,28,MEM,65,1674,14.0,.474,.009,.224,9.6,20.5,15.0,7.2,1.4,2.5,10.7,19.4,,1.0,2.1,3.2,.092,,-2.1,0.7,-1.3,0.3
604,442,Wang Zhizhi,C,26,TOT,16,114,11.5,.466,.304,.217,4.0,14.4,9.2,3.3,1.4,3.4,10.6,23.2,,0.0,0.1,0.1,.043,,-4.5,-2.2,-6.7,-0.1
605,442,Wang Zhizhi,C,26,LAC,2,9,28.7,.725,.000,4.000,0.0,51.0,25.3,0.0,0.0,8.1,0.0,13.6,,0.1,0.0,0.1,.390,,-5.2,-3.7,-8.8,0.0
606,442,Wang Zhizhi,C,26,MIA,14,105,10.1,.451,.311,.133,4.4,11.2,7.8,3.6,1.6,3.0,11.2,24.0,,-0.1,0.1,0.0,.013,,-4.5,-2.1,-6.6,-0.1
