,Rk,Player,Pos,Age,Tm,G,MP,PER,TS%,3PAr,FTr,ORB%,DRB%,TRB%,AST%,STL%,BLK%,TOV%,USG%,Unnamed: 19,OWS,DWS,WS,WS/48,Unnamed: 24,OBPM,DBPM,BPM,VORP
8,7,Chris Andersen,C,26,NOH,67,1430,18.5,.581,.008,.531,10.9,23.6,17.0,9.1,0.5,5.6,12.7,16.4,,2.7,1.8,4.5,.152,,-1.1,2.4,1.2,1.2
17,12,Rafael Araújo,C,24,TOR,59,736,7.1,.492,.017,.314,8.9,19.7,14.2,3.4,1.5,0.8,20.7,15.6,,-0.4,0.7,0.3,.016,,-5.2,-0.7,-5.9,-0.7
33,20,Vin Baker,C,33,HOU,3,13,-18.3,.205,.000,.500,0.0,17.5,9.0,10.7,0.0,0.0,29.1,24.9,,-0.1,0.0,-0.1,-0.344,,-18.3,-1.6,-19.8,-0.1
45,27,Tony Battie,C,28,ORL,81,1894,8.6,.498,.017,.266,6.5,20.0,13.4,3.2,0.8,3.0,17.0,11.0,,0.1,1.9,2.0,.051,,-3.9,1.0,-2.9,-0.4
52,34,Andris Biedriņš,C,18,GSW,30,384,14.8,.570,.013,.513,12.7,21.1,16.7,4.9,1.6,4.4,11.2,12.4,,0.7,0.6,1.2,.154,,-1.9,2.0,0.2,0.2
55,37,Mark Blount,C,29,BOS,82,2130,12.5,.559,.002,.265,8.0,13.6,10.9,9.9,0.8,2.3,18.6,17.9,,1.2,1.6,2.8,.063,,-1.4,0.2,-1.2,0.4
58,40,Matt Bonner,C,24,TOR,82,1553,14.7,.596,.199,.153,7.7,13.1,10.4,5.3,1.3,0.9,7.5,15.7,,3.3,0.9,4.2,.130,,0.9,-1.1,-0.1,0.7
60,41,Calvin Booth,C,28,TOT,51,451,11.9,.508,.009,.296,7.4,19.7,13.6,2.7,1.7,4.6,11.6,13.8,,0.3,0.7,1.0,.101,,-3.7,1.5,-2.1,0.0
61,41,Calvin Booth,C,28,DAL,34,262,11.7,.477,.013,.203,7.0,17.6,12.4,2.4,2.2,4.5,8.5,16.1,,0.1,0.5,0.6,.106,,-3.9,1.4,-2.5,0.0
62,41,Calvin Booth,C,28,MIL,17,189,12.2,.583,.000,.552,8.0,22.6,15.2,3.2,1.1,4.7,18.2,10.6,,0.2,0.2,0.4,.096,,-3.3,1.7,-1.6,0.0
64,43,Curtis Borchardt,C,24,UTA,67,859,9.4,.492,.000,.413,12.1,20.5,16.2,9.1,0.6,3.2,20.4,13.7,,0.2,0.6,0.8,.046,,-2.9,0.8,-2.2,0.0
73,49,Shawn Bradley,C,32,DAL,77,885,11.0,.494,.000,.339,9.0,17.8,13.5,2.5,1.5,5.3,13.4,12.5,,0.4,1.5,1.9,.102,,-3.4,2.4,-1.0,0.2
77,53,Primož Brezec,C,25,CHA,72,2276,16.1,.550,.000,.291,10.8,16.2,13.3,6.6,0.8,1.8,11.1,18.7,,3.5,1.4,4.9,.104,,0.2,-0.2,0.1,1.2
91,66,Jackie Butler,C,19,NYK,3,5,90.3,1.025,.000,.500,0.0,0.0,0.0,0.0,10.6,0.0,17.0,53.7,,0.1,0.0,0.1,1.333,,24.8,-3.3,21.5,0.0
96,69,Marcus Camby,C,30,DEN,66,2015,18.0,.505,.007,.288,7.5,30.1,18.9,12.0,1.6,7.4,13.2,17.2,,1.2,4.5,5.8,.138,,-2.4,5.8,3.4,2.8
97,70,Elden Campbell,C,36,TOT,40,390,7.2,.408,.016,.447,8.5,19.5,14.0,8.0,1.1,1.4,16.5,21.2,,-0.6,0.6,0.0,.003,,-7.1,-0.2,-7.3,-0.5
98,70,Elden Campbell,C,36,NJN,10,50,-1.4,.114,.000,.571,7.1,19.5,13.2,8.7,0.0,1.6,10.2,9.2,,-0.1,0.1,-0.1,-0.064,,-10.0,0.7,-9.3,-0.1
99,70,Elden Campbell,C,36,DET,30,340,8.4,.426,.017,.440,8.7,19.5,14.1,7.8,1.3,1.3,16.8,23.0,,-0.5,0.6,0.1,.013,,-6.7,-0.4,-7.0,-0.4
108,77,Kelvin Cato,C,30,ORL,62,1525,14.9,.600,.000,.481,7.6,22.7,15.3,3.9,1.8,3.8,15.1,12.1,,2.1,2.2,4.3,.137,,-1.5,2.2,0.7,1.0
110,79,Tyson Chandler,C,22,CHI,80,2189,16.4,.565,.005,.802,13.4,26.1,19.8,4.8,1.6,4.8,17.2,14.0,,2.8,5.5,8.3,.183,,-1.8,4.9,3.1,2.8
121,85,Derrick Coleman,C,37,DET,5,50,1.2,.294,.143,.214,7.1,27.9,17.6,0.0,0.0,0.0,11.5,16.3,,-0.1,0.1,-0.1,-0.049,,-11.9,-5.5,-17.4,-0.2
122,86,Jason Collier,C,27,ATL,70,942,11.0,.494,.037,.189,9.9,13.0,11.4,3.4,0.8,1.1,13.4,22.4,,-0.1,0.1,0.0,.000,,-3.9,-4.2,-8.1,-1.5
123,87,Jarron Collins,C,26,UTA,50,961,8.0,.509,.006,.758,7.2,14.2,10.6,9.8,0.6,0.5,14.0,11.7,,0.9,0.3,1.1,.057,,-1.9,-0.7,-2.6,-0.2
124,88,Jason Collins,C,26,NJN,80,2542,8.6,.471,.013,.463,7.1,16.1,11.5,6.7,1.5,2.3,14.4,11.7,,0.2,3.7,3.9,.073,,-3.8,2.7,-1.1,0.6
125,89,Nick Collison,C,24,SEA,82,1396,15.0,.570,.008,.333,13.7,19.2,16.5,3.9,1.3,2.8,13.3,15.5,,2.7,1.2,3.9,.135,,0.0,0.3,0.3,0.8
126,90,Brian Cook,C,24,LAL,72,1087,14.1,.522,.472,.088,6.6,15.8,11.2,5.7,1.1,1.8,6.2,19.4,,1.5,0.5,2.0,.088,,0.3,-2.6,-2.3,-0.1
130,94,Eddy Curry,C,22,CHI,63,1808,16.3,.583,.000,.430,7.2,13.6,10.5,4.1,0.6,2.4,15.8,25.5,,1.5,2.8,4.3,.115,,-1.9,0.0,-1.9,0.1
132,96,Samuel Dalembert,C,23,PHI,72,1785,14.4,.543,.000,.310,11.6,22.6,17.1,3.3,1.3,5.3,17.4,16.3,,0.8,3.1,3.9,.104,,-3.7,2.2,-1.5,0.2
133,97,Erick Dampier,C,29,DAL,59,1609,15.2,.580,.008,.621,13.0,21.7,17.4,4.9,0.5,3.7,17.9,15.8,,2.3,2.3,4.5,.135,,-0.7,1.5,0.8,1.1
142,103,Dale Davis,C,35,TOT,61,1307,13.4,.512,.000,.423,13.3,19.8,16.5,5.8,1.3,3.7,13.4,11.3,,1.6,1.8,3.4,.126,,-1.8,2.7,0.8,0.9
143,103,Dale Davis,C,35,GSW,36,577,10.5,.445,.000,.349,11.0,18.2,14.4,5.8,1.2,3.9,13.7,11.2,,0.2,0.7,0.9,.072,,-4.1,2.2,-1.9,0.0
144,103,Dale Davis,C,35,IND,25,730,15.7,.566,.000,.488,15.1,21.1,18.1,5.7,1.4,3.5,13.2,11.5,,1.4,1.2,2.6,.168,,0.0,3.0,3.0,0.9
147,106,Andrew DeClercq,C,31,ORL,8,49,5.6,.436,.000,.333,16.2,6.8,11.4,0.0,2.1,0.0,8.8,10.1,,0.0,0.0,0.1,.061,,-2.7,-3.4,-6.0,0.0
156,113,DeSagana Diop,C,23,CLE,39,306,6.3,.281,.029,.072,11.3,15.8,13.5,7.1,1.4,6.6,14.4,12.3,,-0.5,0.4,0.0,-0.006,,-6.4,3.3,-3.0,-0.1
157,114,Vlade Divac*,C,36,LAL,15,130,10.5,.469,.000,.387,15.7,12.1,13.9,23.1,1.6,0.6,27.8,17.5,,0.0,0.0,0.0,.013,,-2.0,-0.4,-2.4,0.0
159,116,Michael Doleac,C,27,MIA,80,1175,9.7,.460,.006,.124,7.7,17.7,12.9,6.2,1.0,1.4,9.3,15.3,,0.2,1.6,1.9,.076,,-3.5,0.1,-3.4,-0.4
161,118,Predrag Drobnjak,C,29,ATL,71,1435,12.7,.501,.131,.221,5.6,14.1,9.7,5.9,1.5,1.3,11.6,21.0,,0.4,0.5,1.0,.032,,-2.6,-2.4,-5.0,-1.1
168,124,Corsley Edwards,C,25,NOH,10,110,8.6,.372,.000,.387,12.4,14.6,13.5,4.6,1.5,2.9,5.2,16.2,,0.0,0.1,0.1,.026,,-5.1,-0.2,-5.2,-0.1
169,125,John Edwards,C,23,IND,25,139,5.1,.401,.000,.467,7.0,9.3,8.2,3.7,1.2,2.2,18.1,15.2,,-0.2,0.1,-0.1,-0.035,,-6.9,-0.1,-7.0,-0.2
171,127,Obinna Ekezie,C,29,ATL,42,732,10.4,.516,.005,.511,10.4,18.4,14.2,2.4,1.6,1.3,16.8,16.4,,0.3,0.4,0.7,.043,,-3.9,-2.1,-6.0,-0.7
172,128,Francisco Elson,C,28,DEN,67,939,10.7,.494,.014,.366,7.5,17.1,12.3,5.5,1.9,3.3,13.8,13.8,,0.2,1.4,1.6,.081,,-3.6,1.8,-1.7,0.1
183,137,Danny Fortson,C,28,SEA,62,1047,17.0,.682,.000,1.142,18.4,22.2,20.3,1.2,0.8,0.5,21.1,19.0,,3.6,0.7,4.3,.197,,0.7,-3.6,-2.9,-0.2
184,138,Jeff Foster,C,28,IND,61,1594,15.4,.551,.015,.438,15.6,25.4,20.6,4.8,1.6,0.6,12.5,13.3,,2.9,2.5,5.4,.162,,-0.4,0.9,0.6,1.0
186,140,Adonal Foyle,C,29,GSW,78,1700,12.7,.514,.000,.232,10.1,17.7,13.7,4.9,0.8,6.7,14.5,10.4,,1.2,2.2,3.4,.096,,-3.4,3.8,0.4,1.0
192,145,Dan Gadzuric,C,26,MIL,81,1783,18.1,.551,.000,.441,17.0,27.4,22.2,2.7,1.4,4.4,13.1,15.8,,2.8,2.4,5.2,.140,,-0.8,0.8,-0.1,0.9
211,160,Brian Grant,C,32,LAL,69,1136,10.0,.539,.000,.378,10.1,15.4,12.8,4.7,1.1,1.5,15.0,11.4,,1.2,0.4,1.6,.068,,-2.2,-0.4,-2.6,-0.2
222,168,Zendon Hamilton,C,29,MIL,16,159,10.4,.480,.000,1.500,13.2,17.9,15.5,5.5,1.7,0.9,18.4,18.6,,0.0,0.1,0.1,.038,,-3.4,-1.0,-4.4,-0.1
223,169,Ben Handlogten,C,31,UTA,21,297,10.3,.525,.012,.205,9.3,18.0,13.6,7.7,1.3,1.4,16.6,16.8,,0.1,0.2,0.3,.041,,-2.4,-0.7,-3.1,-0.1
231,177,David Harrison,C,22,IND,43,760,12.9,.589,.000,.495,7.7,13.4,10.6,3.2,1.2,5.5,19.1,17.5,,0.3,1.1,1.4,.090,,-3.2,1.9,-1.3,0.1
238,183,Brendan Haywood,C,25,WAS,68,1865,16.5,.588,.000,.611,11.8,16.4,14.0,4.9,1.4,4.5,15.1,14.9,,3.2,2.0,5.2,.134,,-0.5,1.5,1.0,1.4
240,185,Nenê Hilário,C,22,DEN,55,1317,15.6,.551,.005,.549,9.2,19.2,14.2,10.3,1.9,2.7,16.4,19.4,,1.2,2.1,3.2,.118,,-1.2,1.8,0.6,0.9
260,201,Steven Hunter,C,23,PHO,76,1046,14.7,.596,.005,.741,10.5,12.6,11.6,1.7,0.2,6.4,13.1,14.0,,1.7,1.0,2.6,.121,,-1.5,1.0,-0.5,0.4
262,203,Zydrunas Ilgauskas,C,29,CLE,78,2615,19.5,.550,.007,.514,13.2,17.2,15.2,6.6,1.1,4.7,13.7,24.1,,4.8,3.3,8.1,.149,,0.3,0.7,1.0,2.0
263,204,Didier Ilunga-Mbenga,C,24,DAL,15,58,3.8,.476,.000,.286,5.9,9.4,7.7,0.0,0.0,6.4,24.1,16.0,,-0.1,0.1,0.0,-0.029,,-8.1,-0.7,-8.8,-0.1
272,211,Marc Jackson,C,30,PHI,81,1976,15.9,.548,.003,.477,10.4,12.8,11.6,7.2,0.8,0.7,12.9,22.7,,2.9,1.7,4.6,.111,,-1.4,-1.7,-3.1,-0.6
277,214,Jerome James,C,29,SEA,80,1330,10.0,.533,.006,.190,7.5,14.7,11.1,2.4,0.9,6.5,19.2,15.9,,0.0,1.3,1.2,.044,,-3.7,1.9,-1.8,0.1
292,226,Ervin Johnson,C,37,MIN,46,410,8.3,.562,.019,.463,12.5,18.7,15.7,2.1,0.9,2.3,21.7,9.4,,0.3,0.5,0.8,.091,,-3.2,0.1,-3.0,-0.1
302,236,Chris Kaman,C,22,LAC,63,1632,13.1,.522,.002,.244,10.2,20.5,15.6,7.7,0.9,3.1,17.3,18.8,,0.2,1.9,2.1,.061,,-2.3,0.8,-1.5,0.2
304,238,Mario Kasun,C,24,ORL,45,356,12.0,.505,.010,.439,16.6,23.6,20.1,3.5,1.1,2.6,18.2,17.5,,0.1,0.4,0.6,.076,,-3.4,-1.3,-4.7,-0.2
318,251,Maciej Lampe,C,19,TOT,37,380,7.3,.406,.030,.167,7.2,19.8,13.4,5.1,0.7,1.4,10.7,18.9,,-0.5,0.3,-0.1,-0.016,,-6.9,-2.0,-8.9,-0.7
319,251,Maciej Lampe,C,19,PHO,16,119,5.0,.405,.061,.245,8.5,19.7,14.4,1.2,0.4,1.1,15.6,23.6,,-0.3,0.1,-0.2,-0.070,,-9.1,-4.3,-13.4,-0.3
320,251,Maciej Lampe,C,19,NOH,21,261,8.3,.406,.012,.120,6.5,19.9,12.9,6.9,0.8,1.5,7.4,16.8,,-0.2,0.2,0.0,.009,,-5.9,-0.9,-6.8,-0.3
330,259,Mark Madsen,C,29,MIN,41,601,6.9,.526,.000,.606,12.5,11.8,12.2,4.2,0.6,1.7,22.3,8.3,,0.4,0.4,0.8,.065,,-2.2,0.6,-1.6,0.1
333,261,Jamaal Magloire,C,26,NOH,23,703,12.9,.480,.000,.542,12.8,22.1,17.3,7.6,0.6,2.6,17.3,22.5,,-0.4,0.7,0.3,.019,,-3.9,0.0,-3.9,-0.3
346,272,Jelani McCoy,C,27,ATL,10,88,6.2,.493,.000,.385,8.8,19.5,13.9,0.0,1.8,7.0,28.3,10.8,,-0.1,0.1,0.0,-0.001,,-7.9,0.2,-7.7,-0.1
354,280,Chris Mihm,C,25,LAL,75,1870,15.7,.552,.004,.467,12.0,18.3,15.1,4.6,0.4,4.2,14.2,18.8,,2.5,1.0,3.6,.092,,-1.7,-0.5,-2.2,-0.1
357,282,Darko Miličić,C,19,DET,37,254,4.7,.387,.000,.316,1.4,18.3,9.9,4.5,0.4,5.1,15.6,19.0,,-0.6,0.4,-0.2,-0.031,,-10.1,0.9,-9.1,-0.5
360,285,Brad Miller,C,28,SAC,56,2089,20.7,.596,.031,.471,7.4,20.4,13.9,16.1,1.7,2.3,10.0,17.4,,6.3,2.3,8.6,.198,,2.5,2.0,4.5,3.4
363,288,Yao Ming*,C,24,HOU,80,2447,23.2,.614,.000,.510,10.2,21.4,15.9,5.0,0.8,5.1,14.1,26.8,,6.0,4.7,10.7,.210,,0.3,1.3,1.6,2.2
367,290,Nazr Mohammed,C,27,TOT,77,1933,16.4,.521,.002,.377,14.9,20.7,17.8,2.9,1.6,3.3,13.3,19.2,,2.0,2.6,4.6,.115,,-1.7,0.3,-1.4,0.3
368,290,Nazr Mohammed,C,27,NYK,54,1519,17.0,.550,.002,.372,13.0,21.0,17.0,2.9,1.8,2.7,13.1,18.5,,2.1,1.7,3.8,.120,,-1.1,0.1,-1.0,0.4
369,290,Nazr Mohammed,C,27,SAS,23,414,14.2,.426,.000,.394,22.0,19.5,20.8,3.2,0.7,5.8,13.9,21.8,,-0.1,0.9,0.8,.095,,-4.0,1.2,-2.8,-0.1
371,291,Jérôme Moïso,C,26,TOR,8,69,9.5,.540,.111,1.000,9.7,28.4,18.9,0.0,1.5,3.1,31.6,12.6,,0.0,0.1,0.1,.039,,-8.1,-2.0,-10.1,-0.1
372,291,Jérôme Moïso,C,26,NJN,8,24,17.0,.694,.000,1.000,14.8,20.3,17.5,0.0,0.0,3.4,14.8,13.2,,0.1,0.0,0.1,.174,,-3.6,-4.1,-7.7,0.0
377,293,Alonzo Mourning*,C,34,MIA,19,245,18.9,.551,.000,.887,10.9,22.4,16.9,2.5,0.6,9.9,12.2,18.7,,0.3,0.5,0.9,.173,,-3.5,2.7,-0.8,0.1
381,297,Dikembe Mutombo*,C,38,HOU,80,1212,16.4,.575,.000,.659,14.8,25.9,20.5,1.3,0.7,6.5,15.4,12.9,,2.0,2.7,4.7,.186,,-3.3,2.3,-1.0,0.3
382,298,Mamadou N'Diaye,C,29,LAC,11,72,10.6,.433,.050,.350,15.5,14.6,15.0,2.2,0.7,5.2,0.0,14.8,,0.1,0.1,0.2,.115,,-2.3,-0.9,-3.2,0.0
393,304,Rasho Nesterović,C,28,SAS,70,1785,12.0,.463,.000,.070,12.0,18.0,15.0,6.3,0.9,4.7,14.1,13.5,,0.5,3.8,4.2,.114,,-2.7,4.1,1.4,1.5
401,310,Shaquille O'Neal*,C,32,MIA,73,2492,27.0,.583,.000,.699,12.4,22.8,17.8,15.7,0.8,5.0,12.4,30.5,,6.4,4.6,11.0,.211,,3.3,2.3,5.6,4.7
404,313,Mehmet Okur,C,25,UTA,82,2304,18.9,.569,.083,.512,10.2,23.4,16.6,12.8,0.8,2.5,13.2,21.3,,5.3,1.8,7.0,.147,,1.6,0.3,1.9,2.3
406,315,Michael Olowokandi,C,29,MIN,62,1215,10.4,.480,.000,.195,10.4,19.6,15.2,3.7,0.7,3.3,15.1,17.2,,-0.3,1.5,1.2,.048,,-4.2,0.2,-4.0,-0.6
407,316,Greg Ostertag,C,31,SAC,56,556,10.0,.432,.024,.452,11.0,22.5,16.8,9.0,0.6,5.1,19.2,10.0,,0.1,0.7,0.7,.064,,-4.2,2.5,-1.8,0.0
410,319,Zaza Pachulia,C,20,MIL,74,1397,14.4,.526,.003,.523,10.9,20.9,15.9,6.8,1.7,1.8,13.9,16.5,,1.6,1.3,2.9,.099,,-1.3,0.7,-0.6,0.5
424,330,Kendrick Perkins,C,20,BOS,60,548,11.2,.515,.000,.487,11.5,25.7,18.7,5.8,0.8,5.1,22.9,15.4,,-0.1,0.8,0.7,.065,,-4.7,1.5,-3.2,-0.2
433,337,Pavel Podkolzin,C,20,DAL,5,10,-12.1,.568,,,0.0,21.9,11.2,0.0,0.0,0.0,69.4,12.9,,-0.1,0.0,0.0,-0.214,,-14.3,-2.5,-16.8,0.0
434,338,Scot Pollard,C,29,IND,49,865,11.2,.506,.000,.293,11.9,16.3,14.1,3.6,1.9,2.1,14.1,12.2,,0.6,1.2,1.9,.104,,-2.4,1.6,-0.8,0.3
438,341,Vitaly Potapenko,C,29,SEA,33,335,14.5,.581,.011,.356,11.0,17.5,14.2,4.5,1.1,0.7,10.7,15.5,,0.8,0.2,1.0,.142,,-0.1,-1.5,-1.6,0.0
441,344,Joel Przybilla,C,25,POR,76,1858,15.5,.596,.000,.523,11.5,24.5,18.3,6.4,0.7,6.2,19.3,12.6,,2.0,2.7,4.7,.121,,-1.8,3.0,1.2,1.5
443,346,Aleksandar Radojević,C,28,UTA,12,128,-1.5,.406,.000,.526,8.5,18.9,13.6,7.0,0.0,1.3,39.1,13.8,,-0.4,0.1,-0.3,-0.117,,-8.3,-0.7,-9.0,-0.2
444,347,Peter John Ramos,C,19,WAS,6,20,8.2,.506,.000,.200,5.4,17.5,11.2,0.0,0.0,3.7,21.6,30.3,,-0.1,0.0,0.0,-0.108,,-11.3,-7.0,-18.3,-0.1
446,349,Theo Ratliff,C,31,POR,63,1731,10.1,.500,.000,.416,7.7,14.1,11.0,2.9,0.7,6.5,15.6,9.6,,0.5,1.7,2.3,.063,,-3.5,3.0,-0.5,0.7
447,350,Željko Rebrača,C,32,LAC,58,928,14.0,.625,.000,.363,6.5,16.9,11.9,4.8,0.8,3.3,15.3,16.0,,1.4,0.9,2.4,.122,,-1.5,0.0,-1.6,0.1
450,353,Jared Reiner,C,22,CHI,19,132,2.3,.331,.000,.133,11.1,21.0,16.1,1.2,1.2,4.0,22.1,13.8,,-0.3,0.3,0.0,-0.013,,-9.3,2.0,-7.3,-0.2
456,358,Clifford Robinson,C,38,GSW,42,1090,11.0,.473,.359,.164,2.9,8.7,5.7,10.8,2.1,2.5,9.7,17.0,,0.1,1.0,1.1,.046,,-1.8,0.7,-1.1,0.3
468,364,Michael Ruffin,C,28,WAS,79,1262,8.6,.432,.010,.677,13.5,16.2,14.8,7.1,1.8,2.4,25.5,6.0,,0.7,1.3,1.9,.074,,-2.4,2.5,0.1,0.7
475,369,Daniel Santiago,C,28,MIL,11,105,4.3,.426,.000,.524,6.7,14.7,10.6,1.4,1.5,2.8,13.4,12.9,,-0.1,0.1,0.0,.012,,-5.6,-0.2,-5.8,-0.1
478,372,Ha Seung-Jin,C,19,POR,19,104,2.5,.467,.000,.478,6.9,12.8,10.0,3.0,0.5,3.4,30.1,17.6,,-0.3,0.1,-0.2,-0.094,,-8.8,-1.1,-9.9,-0.2
483,375,Brian Skinner,C,28,SAC,25,695,16.5,.537,.000,.358,13.5,21.5,17.5,7.9,1.9,4.4,13.6,12.7,,1.0,1.0,1.9,.134,,-0.5,3.1,2.7,0.8
498,387,Pape Sow,C,23,TOR,27,255,7.8,.444,.000,.466,7.8,17.6,12.7,1.2,2.4,1.1,12.5,14.3,,-0.1,0.3,0.2,.029,,-5.6,-0.8,-6.3,-0.3
506,395,Amar'e Stoudemire,C,22,PHO,80,2889,26.6,.617,.012,.595,8.5,17.4,13.2,7.7,1.3,3.0,10.1,28.3,,11.3,3.3,14.6,.243,,3.4,0.0,3.4,3.9
509,398,Bruno Šundov,C,24,NYK,21,73,1.2,.330,.081,.054,9.6,11.3,10.5,4.6,1.5,2.1,13.7,27.4,,-0.3,0.0,-0.3,-0.174,,-9.7,-3.2,-12.9,-0.2
511,400,Mike Sweetney,C,22,NYK,77,1509,16.4,.592,.002,.527,13.0,19.5,16.3,4.9,0.9,1.4,16.4,19.9,,2.7,1.1,3.8,.122,,-0.7,-1.5,-2.1,0.0
513,401,Robert Swift,C,19,SEA,16,72,5.2,.501,.000,.818,1.7,6.8,4.2,4.2,0.8,7.6,21.1,12.2,,0.0,0.1,0.0,.004,,-5.4,2.6,-2.8,0.0
519,405,Maurice Taylor,C,28,NYK,27,431,12.1,.509,.006,.279,7.0,18.4,12.7,5.7,1.4,1.4,15.2,21.6,,-0.1,0.3,0.2,.022,,-4.1,-1.3,-5.4,-0.4
523,409,Etan Thomas,C,26,WAS,47,976,13.0,.521,.000,.565,9.5,19.0,14.1,3.3,0.9,3.9,13.6,16.5,,0.6,1.0,1.6,.079,,-3.5,-0.3,-3.8,-0.4
527,411,John Thomas,C,29,MIN,44,521,9.1,.522,.000,.535,8.9,12.2,10.6,4.7,1.6,1.8,14.5,11.1,,0.4,0.5,0.9,.083,,-2.4,0.9,-1.5,0.1
534,416,Robert Traylor,C,27,CLE,74,1327,12.0,.461,.020,.256,11.8,17.8,14.8,7.4,2.2,2.8,14.1,17.6,,-0.1,1.9,1.8,.066,,-2.8,1.3,-1.5,0.2
535,417,Jake Tsakalidis,C,25,MEM,31,278,11.8,.542,.000,.281,9.1,15.0,12.1,6.0,0.6,4.5,14.3,14.2,,0.3,0.4,0.6,.107,,-3.0,1.5,-1.5,0.0
548,425,Jake Voskuhl,C,27,PHO,38,360,8.7,.528,.000,.644,9.4,17.5,13.7,6.1,0.6,2.0,20.9,11.6,,0.2,0.3,0.6,.075,,-2.9,0.7,-2.2,0.0
551,426,Jackson Vroman,C,23,NOH,36,648,9.7,.460,.016,.372,10.4,19.6,14.8,9.0,1.9,2.1,21.1,19.4,,-0.8,0.8,-0.1,-0.005,,-5.1,1.2,-4.0,-0.3
559,432,Ben Wallace,C,30,DET,74,2671,17.4,.459,.014,.467,12.9,26.5,19.8,7.6,2.2,5.0,9.5,15.2,,1.8,6.7,8.5,.153,,-1.5,5.4,3.8,3.9
579,445,Jahidi White,C,28,CHA,17,135,6.8,.432,.000,1.290,8.8,20.6,14.4,1.2,0.8,6.7,18.5,19.6,,-0.3,0.2,-0.1,-0.046,,-8.5,0.0,-8.5,-0.2
583,447,Chris Wilcox,C,22,LAC,54,1005,13.6,.543,.000,.438,7.8,19.1,13.6,6.7,1.4,1.8,16.4,21.6,,0.2,1.1,1.3,.064,,-2.7,-0.7,-3.4,-0.4
586,450,Aaron Williams,C,33,TOT,42,315,5.9,.518,.000,.270,6.2,16.3,11.1,4.2,0.8,2.0,19.4,12.9,,-0.1,0.3,0.3,.039,,-5.7,-0.3,-6.0,-0.3
587,450,Aaron Williams,C,33,NJN,19,150,8.9,.589,.000,.370,5.5,19.5,12.4,6.7,1.4,2.7,25.9,13.3,,0.0,0.2,0.2,.073,,-5.8,1.5,-4.3,-0.1
588,450,Aaron Williams,C,33,TOR,23,165,3.3,.461,.000,.194,6.7,13.3,9.9,1.9,0.3,1.3,13.3,12.5,,0.0,0.1,0.0,.008,,-5.6,-1.9,-7.5,-0.2
596,456,Scott Williams,C,36,CLE,19,152,6.8,.360,.024,.268,11.4,11.9,11.6,7.8,1.4,2.9,9.8,15.1,,-0.1,0.2,0.1,.025,,-4.5,0.2,-4.3,-0.1
600,458,Kevin Willis,C,42,ATL,29,344,8.0,.434,.022,.256,9.3,16.8,12.9,4.1,1.2,1.6,13.0,15.0,,-0.1,0.1,0.0,.004,,-5.0,-1.8,-6.8,-0.4
601,459,Loren Woods,C,26,TOR,45,712,11.3,.463,.006,.360,12.6,22.5,17.5,3.7,0.6,4.0,16.3,14.6,,0.0,0.7,0.7,.048,,-4.5,0.6,-3.9,-0.4
606,463,Lorenzen Wright,C,29,MEM,80,2287,13.9,.501,.004,.290,9.3,22.8,16.1,6.7,1.4,2.4,11.5,17.9,,1.3,3.8,5.2,.108,,-2.4,1.8,-0.6,0.8
607,464,Wang Zhizhi,C,27,MIA,20,92,16.3,.521,.083,.333,7.9,14.6,11.4,9.2,1.7,1.6,10.8,23.4,,0.1,0.1,0.2,.114,,-1.8,-1.2,-3.0,0.0
