,Rk,Player,Pos,Age,Tm,G,MP,PER,TS%,3PAr,FTr,ORB%,DRB%,TRB%,AST%,STL%,BLK%,TOV%,USG%,Unnamed: 19,OWS,DWS,WS,WS/48,Unnamed: 24,OBPM,DBPM,BPM,VORP
6,7,Chris Andersen,C,27,NOK,32,570,14.1,.562,.000,1.051,12.4,20.2,16.2,1.7,0.8,5.9,15.4,13.9,,0.6,0.7,1.3,.112,,-2.8,1.3,-1.5,0.1
12,11,Martynas Andriuškevičius,C,19,CLE,6,9,15.5,.000,.000,.000,13.0,39.8,26.3,0.0,11.9,0.0,0.0,5.1,,0.0,0.0,0.0,.155,,-6.8,6.8,0.1,0.0
14,13,Rafael Araújo,C,25,TOR,52,601,4.5,.385,.007,.193,8.4,21.5,14.6,3.7,2.1,0.8,21.1,15.3,,-1.2,0.4,-0.8,-0.066,,-6.9,-0.6,-7.5,-0.8
27,20,Vin Baker,C,34,LAC,8,85,11.2,.589,.000,1.200,2.9,22.2,13.0,7.0,2.5,3.5,28.2,17.4,,0.0,0.2,0.1,.072,,-5.7,2.8,-2.8,0.0
39,25,Earl Barron,C,24,MIA,8,45,-2.8,.366,.000,.250,5.5,20.1,13.1,0.0,0.0,0.0,22.0,23.4,,-0.2,0.0,-0.2,-0.167,,-13.9,-6.4,-20.4,-0.2
45,31,Tony Battie,C,29,ORL,82,2215,12.2,.531,.011,.243,8.3,16.9,12.7,3.7,1.1,2.5,12.6,14.9,,1.7,2.2,3.8,.083,,-1.8,0.5,-1.3,0.4
48,33,Lonny Baxter,C,27,HOU,23,281,13.1,.510,.000,.264,16.1,18.9,17.5,1.3,1.7,2.0,13.9,15.8,,0.2,0.5,0.7,.119,,-3.6,-0.7,-4.3,-0.2
54,38,Andris Biedriņš,C,19,GSW,68,1000,13.6,.595,.000,.389,13.5,18.2,15.8,3.9,1.2,3.5,13.6,11.2,,1.6,1.3,2.9,.137,,-1.5,1.7,0.2,0.6
59,42,Mark Blount,C,30,TOT,81,2240,12.1,.549,.000,.302,5.3,14.2,9.8,7.8,1.0,2.6,18.9,21.4,,-0.5,2.3,1.7,.037,,-3.5,-0.1,-3.6,-0.9
60,42,Mark Blount,C,30,BOS,39,1083,12.0,.556,.000,.334,4.2,13.8,9.1,10.8,0.7,2.5,21.6,23.6,,-0.6,0.9,0.2,.010,,-3.9,-0.5,-4.5,-0.7
61,42,Mark Blount,C,30,MIN,42,1157,12.1,.542,.000,.268,6.4,14.5,10.5,5.0,1.2,2.6,15.8,19.3,,0.1,1.4,1.5,.063,,-3.1,0.3,-2.8,-0.2
67,46,Calvin Booth,C,29,WAS,33,250,8.9,.451,.043,.191,8.6,15.8,12.1,7.2,1.9,2.8,13.6,10.5,,0.1,0.3,0.4,.070,,-3.1,1.8,-1.4,0.0
69,48,Chris Bosh,C,21,TOR,70,2751,23.2,.585,.012,.534,8.7,20.6,14.4,11.8,1.0,2.3,10.5,25.2,,8.7,1.1,9.8,.170,,2.8,-0.3,2.5,3.1
75,54,Primož Brezec,C,26,CHA,79,2165,15.3,.552,.003,.283,9.1,14.8,11.8,3.7,0.5,1.1,8.7,20.0,,3.4,1.2,4.6,.102,,-0.9,-2.0,-2.9,-0.5
77,56,Kwame Brown,C,23,LAL,72,1978,11.7,.545,.003,.606,10.8,17.3,14.1,5.6,0.7,1.8,16.9,13.6,,1.7,1.9,3.6,.088,,-2.0,0.3,-1.7,0.2
78,57,P.J. Brown,C,36,NOK,75,2380,12.7,.515,.000,.288,8.9,18.8,13.7,6.3,1.0,1.7,12.0,14.7,,2.1,2.3,4.4,.088,,-1.5,1.1,-0.3,1.0
85,61,Pat Burke,C,32,PHO,42,346,9.9,.517,.055,.165,6.9,16.3,11.7,6.8,0.9,2.6,19.5,21.9,,-0.3,0.4,0.1,.009,,-5.4,-0.4,-5.9,-0.3
89,65,Jackie Butler,C,20,NYK,55,740,14.8,.587,.000,.358,10.9,19.3,15.0,6.1,1.2,3.4,19.9,19.0,,0.7,0.6,1.2,.078,,-1.6,0.0,-1.6,0.1
91,67,Andrew Bynum,C,18,LAL,46,338,7.4,.394,.000,.329,11.9,16.0,13.9,4.1,0.6,5.0,15.3,15.0,,-0.4,0.4,0.1,.007,,-6.3,0.5,-5.8,-0.3
95,71,Marcus Camby,C,31,DEN,56,1857,19.9,.499,.017,.240,8.4,33.3,21.0,10.2,2.2,7.5,11.4,19.5,,1.0,4.5,5.5,.141,,-2.2,6.0,3.8,2.7
101,77,Kelvin Cato,C,31,TOT,27,333,9.3,.493,.000,.417,7.6,18.0,12.9,1.9,1.0,2.8,15.3,16.7,,0.0,0.4,0.3,.045,,-5.2,-1.3,-6.5,-0.4
102,77,Kelvin Cato,C,31,ORL,23,299,9.4,.503,.000,.486,8.1,17.7,13.0,1.1,1.1,2.6,15.5,16.4,,0.0,0.3,0.3,.052,,-4.9,-1.5,-6.4,-0.3
103,77,Kelvin Cato,C,31,DET,4,34,7.7,.417,.000,.000,3.5,21.2,12.2,9.7,0.0,4.3,14.3,19.6,,-0.1,0.1,0.0,-0.013,,-7.9,0.5,-7.4,0.0
104,78,Tyson Chandler,C,23,CHI,79,2121,12.2,.567,.004,.682,14.4,24.2,19.3,5.6,1.0,3.8,25.1,10.4,,1.5,3.9,5.4,.123,,-2.0,4.2,2.2,2.2
111,84,Jarron Collins,C,27,UTA,79,1730,11.0,.551,.000,.782,9.3,14.1,11.7,9.1,1.1,1.3,13.9,11.7,,2.5,1.4,3.9,.107,,-1.0,0.3,-0.7,0.6
112,85,Jason Collins,C,27,NJN,71,1895,5.5,.425,.046,.328,5.7,15.6,10.6,5.7,1.3,1.7,16.9,9.0,,-0.9,2.9,2.0,.051,,-5.1,3.0,-2.1,0.0
117,90,Eddy Curry,C,23,NYK,72,1865,17.0,.604,.000,.814,9.4,18.9,14.1,1.9,0.8,2.5,18.1,24.1,,2.3,1.0,3.3,.084,,-1.6,-2.6,-4.2,-1.0
118,91,Samuel Dalembert,C,24,PHI,66,1761,14.2,.568,.003,.358,10.6,25.4,18.0,2.2,1.0,6.9,20.0,13.8,,0.9,2.6,3.6,.097,,-3.8,2.2,-1.6,0.2
119,92,Erick Dampier,C,30,DAL,82,1934,13.9,.531,.000,.620,17.3,22.4,19.9,4.0,0.8,4.2,20.7,13.4,,1.9,2.9,4.8,.119,,-0.8,1.7,1.0,1.4
124,95,Antonio Davis,C,37,TOR,8,191,5.9,.440,.000,.645,9.2,14.0,11.5,5.4,0.8,0.4,16.7,11.6,,-0.1,0.0,0.0,-0.011,,-3.5,-1.1,-4.6,-0.1
126,97,Dale Davis,C,36,DET,28,178,9.9,.425,.042,.625,13.9,21.6,17.7,4.8,0.0,3.7,11.6,9.2,,0.1,0.3,0.4,.108,,-4.0,1.3,-2.7,0.0
144,107,DeSagana Diop,C,24,DAL,81,1510,11.5,.512,.013,.468,11.8,17.9,14.9,2.2,1.6,7.4,16.2,6.9,,1.3,2.7,4.1,.130,,-1.4,4.8,3.4,2.1
146,109,Michael Doleac,C,28,MIA,31,371,9.9,.484,.000,.341,7.6,18.9,13.5,3.2,1.4,1.4,12.2,14.3,,0.1,0.5,0.6,.079,,-4.3,-0.1,-4.4,-0.2
152,115,John Edwards,C,24,ATL,40,296,6.4,.508,.000,.172,7.1,12.5,9.7,2.7,0.5,3.9,14.8,12.4,,0.1,0.1,0.2,.026,,-4.5,-1.4,-5.9,-0.3
157,118,Francisco Elson,C,29,DEN,72,1579,10.1,.556,.018,.261,7.4,17.6,12.5,4.4,1.7,2.1,17.0,10.8,,0.8,2.0,2.9,.087,,-2.5,1.9,-0.6,0.6
173,131,Danny Fortson,C,29,SEA,23,276,8.5,.622,.000,.843,13.4,20.9,17.1,1.1,0.8,0.6,27.1,15.6,,0.2,0.0,0.2,.038,,-3.2,-4.2,-7.4,-0.4
174,132,Jeff Foster,C,29,IND,63,1581,15.1,.581,.016,.636,16.9,24.8,20.9,5.1,1.4,1.2,16.7,11.3,,2.8,2.9,5.7,.174,,-0.3,2.3,2.0,1.6
175,133,Adonal Foyle,C,30,GSW,77,1824,10.3,.524,.000,.223,8.5,17.6,13.0,2.8,1.2,5.1,19.5,10.0,,0.3,2.5,2.8,.075,,-4.1,3.5,-0.6,0.6
182,136,Channing Frye,C,22,NYK,65,1572,18.1,.541,.014,.358,10.6,18.5,14.5,6.6,1.0,2.5,11.6,24.2,,2.6,0.9,3.5,.108,,-0.2,-1.4,-1.6,0.2
183,137,Dan Gadzuric,C,27,MIL,74,885,17.2,.550,.003,.288,12.0,19.3,15.6,4.9,1.5,3.9,9.1,19.8,,1.3,1.1,2.5,.134,,-1.2,0.1,-1.0,0.2
184,138,Deng Gai,C,23,PHI,2,5,0.0,,,,0.0,0.0,0.0,0.0,0.0,0.0,,0.0,,0.0,0.0,0.0,-0.015,,-6.3,-0.7,-7.0,0.0
205,155,Brian Grant,C,33,PHO,21,248,6.6,.445,.000,.123,5.0,20.1,12.8,3.8,1.0,0.8,9.3,13.6,,-0.1,0.3,0.2,.041,,-5.6,-0.3,-5.9,-0.2
212,161,Eddie Griffin,C,23,MIN,70,1359,12.2,.397,.222,.200,9.7,24.3,17.2,4.7,0.5,8.2,9.7,15.6,,-1.0,2.6,1.5,.055,,-5.2,3.2,-2.0,0.0
215,164,Zendon Hamilton,C,30,TOT,12,49,17.6,.593,.000,1.286,7.2,19.5,13.3,0.0,4.3,0.0,21.5,26.3,,0.0,0.1,0.1,.098,,-5.9,-3.7,-9.6,-0.1
216,164,Zendon Hamilton,C,30,CLE,11,46,18.2,.624,.000,1.231,7.7,20.8,14.2,0.0,3.5,0.0,23.0,26.2,,0.0,0.1,0.1,.108,,-5.8,-4.3,-10.1,-0.1
217,164,Zendon Hamilton,C,30,PHI,1,3,8.2,.266,.000,2.000,0.0,0.0,0.0,0.0,17.3,0.0,0.0,28.6,,0.0,0.0,0.0,-0.057,,-8.4,6.5,-1.9,0.0
221,168,Othella Harrington,C,32,CHI,72,824,11.1,.530,.000,.451,7.6,13.9,10.7,8.0,0.4,1.2,15.7,21.2,,0.2,0.9,1.1,.063,,-3.6,-0.8,-4.4,-0.5
223,170,David Harrison,C,23,IND,67,1034,11.8,.519,.000,.592,9.7,18.4,14.2,2.4,1.2,4.2,17.6,20.2,,-0.4,1.9,1.5,.068,,-5.1,0.9,-4.2,-0.6
229,176,Brendan Haywood,C,26,WAS,79,1879,13.8,.542,.000,.519,12.0,17.0,14.5,3.9,0.8,4.3,15.5,14.9,,2.0,1.9,3.9,.099,,-1.7,1.1,-0.6,0.6
231,178,Alan Henderson,C,33,CLE,51,531,12.2,.564,.000,.538,13.3,17.3,15.3,2.9,0.9,1.7,16.3,11.7,,0.7,0.6,1.3,.116,,-2.2,-0.3,-2.4,-0.1
247,193,Steven Hunter,C,24,PHI,69,1312,13.9,.598,.000,.474,9.8,14.4,12.1,2.1,0.5,4.4,15.4,14.4,,1.5,1.0,2.5,.090,,-2.4,-0.5,-2.9,-0.3
249,195,Zydrunas Ilgauskas,C,30,CLE,78,2283,21.9,.576,.006,.427,12.6,18.1,15.3,7.4,0.9,4.6,12.8,24.6,,5.6,3.1,8.7,.184,,0.8,1.0,1.8,2.2
250,196,Didier Ilunga-Mbenga,C,25,DAL,43,237,13.4,.538,.017,.333,9.8,18.4,14.2,1.4,1.4,8.1,18.9,16.7,,0.0,0.4,0.5,.092,,-4.2,2.0,-2.2,0.0
261,204,Marc Jackson,C,31,TOT,64,1027,12.5,.512,.005,.222,9.7,15.4,12.5,7.9,0.7,0.6,13.8,21.5,,0.3,0.9,1.2,.057,,-2.9,-1.5,-4.4,-0.6
262,204,Marc Jackson,C,31,NJN,37,433,10.7,.503,.000,.324,8.0,16.2,12.1,9.2,0.6,1.1,14.2,21.4,,0.0,0.6,0.6,.061,,-4.7,-0.9,-5.6,-0.4
263,204,Marc Jackson,C,31,NOK,27,594,13.9,.519,.009,.154,10.9,14.8,12.8,7.0,0.7,0.3,13.6,21.5,,0.3,0.4,0.7,.054,,-1.6,-1.9,-3.5,-0.2
265,206,Jerome James,C,30,NYK,45,406,6.3,.494,.000,.331,11.6,15.7,13.6,5.2,0.4,4.6,26.9,21.2,,-0.7,0.2,-0.5,-0.062,,-6.0,-0.5,-6.5,-0.5
277,218,Ervin Johnson,C,38,MIL,18,81,3.1,.419,.000,.118,7.2,28.4,17.6,3.7,0.6,2.0,21.9,12.9,,-0.1,0.1,0.0,-0.010,,-8.1,-0.2,-8.3,-0.1
290,228,Chris Kaman,C,23,LAC,78,2560,15.0,.570,.003,.357,8.9,24.5,17.0,5.0,0.9,3.2,17.7,17.9,,1.8,4.3,6.1,.114,,-2.1,1.7,-0.4,1.0
292,230,Mario Kasun,C,25,ORL,28,213,8.9,.506,.000,.333,14.3,20.3,17.4,2.4,0.5,1.1,15.9,20.9,,0.1,0.2,0.3,.059,,-4.1,-3.7,-7.8,-0.3
304,241,Maciej Lampe,C,20,TOT,6,28,-4.4,.168,.000,.182,16.9,21.3,19.0,10.0,0.0,0.0,20.2,25.2,,-0.2,0.0,-0.2,-0.332,,-15.4,-5.2,-20.6,-0.1
305,241,Maciej Lampe,C,20,NOK,2,16,-6.1,.000,.000,.000,7.2,22.9,14.9,17.5,0.0,0.0,20.0,14.6,,-0.1,0.0,-0.1,-0.257,,-12.8,-0.2,-13.0,0.0
306,241,Maciej Lampe,C,20,HOU,4,12,-2.1,.254,.000,.286,29.8,19.2,24.4,0.0,0.0,0.0,20.2,39.3,,-0.1,0.0,-0.1,-0.432,,-18.9,-11.8,-30.7,-0.1
317,250,Mark Madsen,C,30,MIN,62,676,5.3,.427,.106,.712,9.1,15.7,12.5,2.4,1.8,1.9,23.1,7.9,,-0.3,0.9,0.6,.043,,-4.9,1.5,-3.4,-0.2
319,252,Jamaal Magloire,C,27,MIL,82,2465,11.1,.494,.000,.541,10.4,27.4,18.8,3.6,0.6,2.6,17.9,17.2,,-0.8,2.9,2.0,.039,,-4.7,0.4,-4.3,-1.4
340,272,Chris Mihm,C,26,LAL,59,1541,15.3,.552,.000,.438,10.5,18.0,14.2,6.6,0.5,3.6,13.2,18.7,,2.2,1.7,4.0,.124,,-1.6,0.2,-1.4,0.2
344,276,Darko Miličić,C,20,TOT,55,767,15.2,.520,.009,.214,7.2,16.8,12.1,9.2,1.0,7.8,16.6,19.0,,0.0,1.1,1.2,.073,,-3.1,3.4,0.3,0.4
345,276,Darko Miličić,C,20,DET,25,140,10.1,.507,.061,.242,8.4,15.5,11.9,10.2,1.2,7.8,29.1,17.5,,-0.2,0.3,0.0,.016,,-6.0,4.2,-1.8,0.0
346,276,Darko Miličić,C,20,ORL,30,627,16.3,.522,.000,.209,6.9,17.1,12.1,9.0,1.0,7.8,14.1,19.3,,0.3,0.9,1.1,.086,,-2.5,3.2,0.7,0.4
348,278,Brad Miller,C,29,SAC,79,2923,17.5,.576,.100,.385,4.9,19.5,12.3,21.5,1.1,1.6,14.9,18.9,,5.5,3.6,9.1,.150,,1.1,1.7,2.8,3.5
350,280,Yao Ming*,C,25,HOU,57,1949,25.6,.592,.001,.439,9.1,25.6,17.5,9.8,0.8,3.9,12.0,29.9,,5.0,3.5,8.6,.211,,1.3,1.1,2.4,2.2
353,282,Nazr Mohammed,C,28,SAS,80,1389,15.0,.560,.000,.382,14.2,21.2,17.8,4.7,0.8,2.5,17.1,18.3,,1.7,2.8,4.5,.156,,-2.0,1.0,-1.0,0.4
357,284,Mikki Moore,C,30,SEA,47,583,8.6,.509,.016,.500,9.0,18.1,13.5,6.8,0.6,2.0,20.9,14.7,,0.1,0.0,0.1,.006,,-3.4,-1.4,-4.8,-0.4
359,286,Alonzo Mourning*,C,35,MIA,65,1302,19.4,.615,.003,.711,11.8,20.3,16.2,1.4,0.5,10.2,16.0,17.5,,2.1,2.6,4.8,.176,,-2.3,3.0,0.7,0.9
365,290,Dikembe Mutombo*,C,39,HOU,64,955,12.7,.626,.000,.958,12.5,24.9,18.8,0.7,1.0,4.9,20.6,8.5,,1.3,1.8,3.1,.156,,-4.2,1.8,-2.4,-0.1
366,291,Boniface N'Dong,C,28,LAC,23,152,11.0,.439,.019,.170,12.0,16.1,14.1,7.5,0.7,2.5,9.5,19.1,,0.0,0.2,0.2,.058,,-3.6,-0.7,-4.3,-0.1
374,297,Rasho Nesterović,C,29,SAS,80,1515,11.0,.521,.006,.090,9.1,14.8,12.1,3.4,0.8,4.2,13.2,12.6,,0.9,2.9,3.7,.118,,-2.9,2.8,-0.1,0.7
383,303,Shaquille O'Neal*,C,33,MIA,59,1806,24.4,.586,.000,.589,11.7,23.1,17.6,12.4,0.7,4.4,14.3,30.0,,3.3,2.9,6.2,.164,,1.4,1.2,2.6,2.1
384,304,Fabricio Oberto,C,30,SAS,59,490,9.3,.491,.022,.290,14.1,15.5,14.8,8.3,1.0,1.6,21.1,12.9,,0.2,0.9,1.1,.105,,-2.6,1.9,-0.7,0.2
389,309,Michael Olowokandi,C,30,TOT,48,919,8.3,.456,.000,.196,6.7,21.7,14.4,4.1,1.3,2.7,17.4,16.2,,-1.1,1.4,0.3,.014,,-6.0,0.8,-5.2,-0.7
390,309,Michael Olowokandi,C,30,MIN,32,752,8.6,.455,.000,.200,7.4,20.8,14.3,3.7,1.4,2.7,16.2,16.0,,-0.8,1.2,0.4,.023,,-5.6,1.0,-4.6,-0.5
391,309,Michael Olowokandi,C,30,BOS,16,167,6.8,.464,.000,.178,3.7,25.6,15.0,5.8,0.9,2.7,22.4,17.2,,-0.3,0.2,-0.1,-0.028,,-8.1,0.1,-8.1,-0.3
392,310,Greg Ostertag,C,32,UTA,60,807,11.6,.503,.000,.387,12.2,21.7,16.9,11.7,0.4,6.8,24.1,11.0,,0.2,1.1,1.3,.076,,-3.2,3.5,0.3,0.5
396,314,Zaza Pachulia,C,21,ATL,78,2452,15.0,.530,.003,.593,12.6,17.6,15.0,8.5,1.9,1.2,17.3,19.2,,2.5,1.4,3.9,.077,,-0.6,-0.3,-0.9,0.7
409,324,Kendrick Perkins,C,21,BOS,68,1332,13.2,.548,.008,.489,13.1,23.6,18.5,8.1,0.8,6.0,24.9,14.8,,0.3,2.0,2.3,.082,,-3.0,3.1,0.0,0.7
411,326,Johan Petro,C,20,SEA,68,1282,10.4,.530,.000,.250,10.1,17.9,13.9,1.8,1.0,3.1,15.3,13.7,,0.7,0.2,1.0,.037,,-2.6,-1.4,-4.0,-0.7
416,331,Pavel Podkolzin,C,21,DAL,1,18,2.3,.323,.000,3.000,0.0,45.9,23.4,0.0,0.0,4.2,30.1,17.2,,-0.1,0.0,-0.1,-0.135,,-16.7,-3.1,-19.8,-0.1
417,332,Scot Pollard,C,30,IND,45,771,12.3,.495,.000,.247,11.3,21.0,16.3,5.1,2.6,1.9,13.2,11.9,,0.6,1.6,2.1,.134,,-2.5,3.3,0.8,0.5
419,334,Vitaly Potapenko,C,30,TOT,33,353,7.4,.535,.000,.239,9.1,12.8,10.9,3.9,0.3,0.4,16.9,12.0,,0.2,-0.1,0.1,.012,,-2.6,-3.0,-5.7,-0.3
420,334,Vitaly Potapenko,C,30,SEA,24,321,7.4,.518,.000,.266,9.6,13.7,11.7,3.2,0.3,0.5,16.4,11.9,,0.2,-0.1,0.0,.006,,-2.7,-3.0,-5.7,-0.3
421,334,Vitaly Potapenko,C,30,SAC,9,32,8.2,.714,.000,.000,3.7,3.6,3.7,10.6,0.0,0.0,22.2,12.9,,0.0,0.0,0.0,.068,,-2.4,-3.3,-5.7,0.0
426,339,Joel Przybilla,C,26,POR,56,1395,15.3,.561,.000,.644,12.4,21.4,16.9,5.0,0.8,7.1,19.9,13.0,,1.0,1.2,2.3,.078,,-2.1,2.9,0.8,1.0
433,343,Theo Ratliff,C,32,POR,55,1301,12.2,.599,.000,.439,8.1,17.8,12.9,3.4,0.8,5.2,17.2,9.9,,1.3,0.7,2.0,.074,,-2.3,1.8,-0.5,0.5
434,344,Željko Rebrača,C,33,LAC,29,412,10.7,.592,.000,.427,3.8,13.8,9.0,3.5,0.6,3.5,17.4,15.5,,0.2,0.5,0.7,.086,,-3.8,0.4,-3.4,-0.1
443,351,Lawrence Roberts,C,23,MEM,33,181,13.8,.471,.045,.523,17.6,15.3,16.4,4.8,2.5,0.9,8.5,15.9,,0.2,0.3,0.5,.144,,-1.4,0.1,-1.4,0.0
452,358,Michael Ruffin,C,29,WAS,76,1010,8.1,.479,.026,.961,13.6,17.7,15.6,3.7,1.7,2.4,25.8,6.5,,0.6,1.1,1.7,.081,,-2.4,2.1,-0.3,0.4
461,366,Luke Schenscher,C,23,CHI,20,149,9.3,.567,.000,.500,6.2,16.1,11.2,7.3,0.3,1.6,13.6,11.1,,0.1,0.2,0.3,.095,,-3.3,0.9,-2.4,0.0
462,367,Ha Seung-Jin,C,20,POR,27,212,6.9,.572,.000,.548,7.8,20.2,13.9,0.8,0.8,2.9,26.7,11.7,,-0.1,0.1,0.0,.003,,-6.0,-1.5,-7.5,-0.3
468,371,Brian Skinner,C,29,POR,27,515,10.3,.496,.000,.319,10.6,19.2,14.8,4.1,1.5,3.4,20.6,12.0,,-0.1,0.4,0.3,.026,,-3.7,1.1,-2.6,-0.1
479,380,Pape Sow,C,24,TOR,42,590,9.5,.496,.000,.463,10.7,19.9,15.1,2.0,1.9,2.5,16.8,14.0,,0.2,0.4,0.6,.045,,-3.9,-0.5,-4.3,-0.3
489,387,Amar'e Stoudemire,C,23,PHO,3,50,17.8,.420,.037,.333,13.6,21.7,17.8,5.9,1.0,4.2,3.1,28.7,,0.0,0.1,0.1,.085,,-4.8,-1.8,-6.6,-0.1
490,388,Mike Sweetney,C,23,CHI,66,1222,13.9,.499,.000,.459,11.2,21.7,16.5,8.2,0.8,3.6,15.1,23.2,,0.1,2.1,2.1,.084,,-3.5,1.5,-2.1,0.0
491,389,Robert Swift,C,20,SEA,47,987,12.7,.536,.000,.378,11.3,21.1,16.2,1.2,0.8,4.4,14.8,15.0,,0.7,0.3,1.1,.052,,-2.9,-1.5,-4.3,-0.6
492,390,Stromile Swift,C,26,HOU,66,1344,14.6,.533,.004,.456,9.1,16.1,12.7,3.6,1.5,3.0,14.2,22.7,,0.4,2.1,2.5,.091,,-3.6,0.1,-3.4,-0.5
496,392,Chris Taft,C,20,GSW,17,144,15.6,.578,.000,.158,14.4,13.5,13.9,2.4,0.7,3.6,4.7,13.2,,0.3,0.1,0.5,.155,,-0.9,-0.4,-1.3,0.0
502,398,Etan Thomas,C,27,WAS,71,1121,13.6,.560,.000,.508,10.0,19.3,14.5,2.0,0.9,4.7,14.5,14.0,,1.2,1.3,2.5,.107,,-2.9,0.5,-2.4,-0.1
506,400,John Thomas,C,30,TOT,16,127,3.4,.447,.000,.267,9.1,9.6,9.3,2.4,1.3,1.3,32.3,9.1,,-0.1,0.1,0.0,-0.017,,-6.4,-1.6,-8.0,-0.2
507,400,John Thomas,C,30,MEM,3,25,3.8,1.000,.000,.000,0.0,0.0,0.0,6.5,0.0,3.2,50.0,7.8,,0.0,0.0,0.0,.012,,-5.5,-1.7,-7.2,0.0
508,400,John Thomas,C,30,ATL,11,66,3.1,.514,.000,.571,5.3,13.1,9.1,2.2,1.6,0.0,31.3,8.8,,0.0,0.0,0.0,-0.023,,-5.7,-1.7,-7.4,-0.1
509,400,John Thomas,C,30,NJN,2,36,3.5,.167,.000,.000,22.5,9.9,16.3,0.0,1.5,2.2,25.0,10.5,,-0.1,0.1,0.0,-0.027,,-8.4,-1.1,-9.6,-0.1
512,402,Kurt Thomas,C,33,PHO,53,1411,13.1,.527,.000,.235,8.2,24.1,16.3,5.6,0.8,2.7,11.7,15.5,,1.3,2.0,3.3,.112,,-2.8,1.5,-1.2,0.3
518,406,Jake Tsakalidis,C,26,MEM,51,732,17.3,.632,.000,.527,13.1,22.0,17.6,3.2,1.1,3.5,16.1,16.1,,1.5,1.4,2.8,.186,,-1.5,0.6,-0.9,0.2
522,408,Ronny Turiaf,C,23,LAL,23,161,12.2,.537,.000,.900,8.1,19.0,13.5,7.5,1.0,4.7,14.3,13.8,,0.2,0.2,0.4,.115,,-3.6,1.4,-2.2,0.0
528,414,Anderson Varejão,C,23,CLE,48,760,14.8,.541,.007,.793,11.9,24.8,18.3,4.0,2.2,1.9,11.8,14.0,,1.1,1.3,2.3,.146,,-1.9,1.2,-0.6,0.3
531,417,Jake Voskuhl,C,28,CHA,51,818,11.0,.470,.011,.230,8.3,18.3,13.0,7.9,1.6,2.2,10.3,17.4,,0.2,0.9,1.0,.061,,-3.3,0.7,-2.7,-0.1
539,424,Ben Wallace,C,31,DET,82,2890,17.5,.501,.009,.637,12.2,25.9,19.0,8.2,2.8,4.6,12.9,11.2,,3.3,6.9,10.1,.168,,-0.6,6.4,5.8,5.7
555,438,Robert Whaley,C,23,UTA,23,212,7.6,.411,.000,.105,9.1,15.6,12.3,13.8,1.8,3.1,19.0,16.1,,-0.2,0.3,0.0,.004,,-4.7,1.3,-3.5,-0.1
557,439,Chris Wilcox,C,23,LAC,48,657,13.2,.562,.012,.351,8.5,21.5,15.3,4.4,1.2,2.4,14.2,15.9,,0.6,1.0,1.6,.119,,-2.7,0.4,-2.3,0.0
564,442,Aaron Williams,C,34,TOT,48,791,11.6,.551,.000,.330,9.4,18.2,13.6,3.6,1.2,2.2,13.0,13.7,,0.8,0.8,1.6,.096,,-2.2,0.2,-2.0,0.0
565,442,Aaron Williams,C,34,TOR,14,99,7.2,.578,.000,.316,5.9,12.9,9.3,1.5,2.1,2.4,18.8,12.4,,0.0,0.1,0.1,.048,,-3.6,-0.5,-4.2,-0.1
566,442,Aaron Williams,C,34,NOK,34,692,12.2,.548,.000,.331,9.9,18.9,14.3,3.9,1.0,2.1,12.2,13.8,,0.8,0.7,1.5,.103,,-2.0,0.3,-1.7,0.1
575,451,Loren Woods,C,27,TOR,27,324,12.3,.476,.017,.237,15.9,26.0,20.8,1.8,1.5,5.6,19.7,11.6,,0.1,0.3,0.4,.064,,-3.9,1.0,-2.9,-0.1
583,457,Lorenzen Wright,C,30,MEM,78,1689,12.2,.496,.005,.288,10.3,18.0,14.2,4.9,1.7,2.2,12.8,15.1,,0.8,3.0,3.7,.106,,-3.0,1.6,-1.3,0.3
