,Rk,Player,Pos,Age,Tm,G,MP,PER,TS%,3PAr,FTr,ORB%,DRB%,TRB%,AST%,STL%,BLK%,TOV%,USG%,Unnamed: 19,OWS,DWS,WS,WS/48,Unnamed: 24,OBPM,DBPM,BPM,VORP
0,1,Shareef Abdur-Rahim,C,30,SAC,80,2015,13.1,.524,.031,.358,7.0,16.4,11.6,9.2,1.3,1.5,13.3,19.5,,1.1,1.7,2.8,.067,,-2.1,0.0,-2.1,-0.1
3,4,LaMarcus Aldridge,C,21,POR,63,1392,17.1,.533,.004,.240,12.6,15.3,13.9,3.2,0.9,4.2,7.5,19.3,,2.5,1.0,3.4,.118,,-0.3,-0.6,-0.9,0.4
14,13,Rafael Araújo,C,26,UTA,28,248,8.3,.463,.000,.446,10.8,21.5,16.2,6.1,1.3,0.7,17.9,17.1,,-0.1,0.3,0.1,.027,,-4.5,-0.7,-5.2,-0.2
18,17,Hilton Armstrong,C,22,NOK,56,634,12.2,.570,.000,.536,10.3,17.0,13.6,2.5,1.0,3.3,18.5,13.6,,0.5,0.7,1.2,.091,,-3.1,0.5,-2.6,-0.1
31,29,Earl Barron,C,25,MIA,28,203,6.6,.357,.012,.217,11.3,12.5,11.9,4.0,1.6,1.6,10.8,23.8,,-0.5,0.2,-0.3,-0.062,,-8.1,-2.3,-10.4,-0.4
41,39,Andris Biedriņš,C,20,GSW,82,2382,16.2,.598,.000,.287,11.3,24.0,17.5,5.4,1.4,4.3,15.4,13.8,,3.5,3.3,6.7,.136,,-1.1,2.5,1.4,2.1
49,44,Mark Blount,C,31,MIN,82,2544,12.7,.546,.037,.232,6.6,16.9,11.9,4.5,0.9,1.8,14.7,19.8,,0.6,2.2,2.8,.052,,-2.7,-0.5,-3.2,-0.8
51,46,Andrew Bogut,C,22,MIL,66,2258,15.5,.566,.008,.308,8.7,21.9,15.2,13.9,1.1,1.2,17.4,17.3,,2.6,1.4,4.0,.085,,-0.1,0.7,0.5,1.4
54,49,Calvin Booth,C,30,WAS,44,380,9.6,.490,.030,.152,7.9,16.8,12.3,6.8,0.5,5.9,11.3,9.2,,0.3,0.3,0.6,.072,,-3.2,1.8,-1.4,0.1
56,51,Chris Bosh,C,22,TOR,69,2658,22.6,.577,.032,.539,8.1,24.8,16.4,11.7,0.8,2.6,11.7,26.7,,6.1,3.5,9.6,.174,,1.3,1.3,2.6,3.1
64,57,Primož Brezec,C,27,CHA,58,838,9.7,.474,.011,.248,11.0,15.2,13.0,4.6,0.7,2.1,11.1,18.5,,0.0,0.6,0.7,.038,,-3.7,-1.3,-5.1,-0.6
69,61,Kwame Brown,C,24,LAL,41,1132,13.7,.573,.004,.554,8.4,16.7,12.6,10.2,1.8,3.3,20.2,15.0,,0.7,1.2,1.9,.080,,-1.4,2.1,0.7,0.8
74,66,Pat Burke,C,33,PHO,23,164,9.3,.424,.338,.200,9.0,23.7,16.7,4.3,0.9,0.9,9.0,21.3,,-0.1,0.2,0.1,.015,,-4.6,-2.3,-6.9,-0.2
76,68,Jackie Butler,C,21,SAS,11,103,9.6,.520,.000,.286,7.3,18.0,12.9,8.1,1.0,0.0,20.2,22.8,,-0.1,0.2,0.1,.047,,-5.4,-0.7,-6.1,-0.1
78,70,Andrew Bynum,C,19,LAL,82,1793,15.4,.593,.007,.483,9.2,22.3,15.8,8.2,0.3,5.4,17.6,16.3,,2.3,1.9,4.2,.112,,-2.0,1.5,-0.5,0.7
80,72,Marcus Camby,C,32,DEN,70,2369,19.1,.519,.003,.335,7.9,30.5,19.4,14.1,1.8,7.0,13.9,15.9,,2.5,5.1,7.6,.155,,-1.3,6.7,5.3,4.4
87,79,Kelvin Cato,C,32,NYK,18,95,12.3,.403,.000,.545,15.2,23.5,19.4,0.0,1.7,8.4,18.0,15.9,,-0.1,0.2,0.1,.036,,-8.1,-0.2,-8.3,-0.2
88,80,Tyson Chandler,C,24,NOK,73,2525,17.0,.620,.002,.429,14.3,27.3,20.7,4.1,0.8,4.1,18.5,12.3,,4.1,3.8,7.9,.150,,-0.3,2.8,2.5,2.9
93,84,Jarron Collins,C,28,UTA,82,913,8.0,.494,.000,.488,9.5,13.3,11.4,9.5,0.7,0.7,15.2,12.0,,0.7,0.6,1.3,.067,,-2.0,-0.2,-2.2,-0.1
96,87,Nick Collison,C,26,SEA,82,2378,14.2,.546,.003,.313,11.4,22.2,16.8,5.4,1.1,2.1,14.5,16.2,,2.8,1.8,4.6,.093,,-1.1,0.3,-0.8,0.7
103,92,Eddy Curry,C,24,NYK,81,2849,17.0,.603,.001,.649,8.2,15.5,11.9,4.6,0.6,1.1,18.4,25.5,,3.1,1.6,4.7,.079,,-0.8,-2.1,-2.9,-0.6
104,93,Samuel Dalembert,C,25,PHI,82,2535,16.1,.581,.003,.340,11.3,23.3,17.4,4.2,1.0,4.8,17.5,16.7,,2.5,3.6,6.2,.117,,-1.5,2.1,0.6,1.6
105,94,Erick Dampier,C,31,DAL,76,1915,14.9,.642,.000,.572,14.0,21.5,17.8,3.5,0.7,3.3,20.4,12.8,,3.3,3.1,6.4,.160,,0.0,2.0,2.0,1.9
109,98,Dale Davis,C,37,DET,46,464,13.2,.486,.000,.351,15.1,20.0,17.5,3.9,1.2,5.7,14.9,10.3,,0.5,0.8,1.3,.132,,-2.6,3.1,0.5,0.3
110,99,Paul Davis,C,22,LAC,31,180,11.2,.452,.000,.192,14.1,15.2,14.6,6.4,1.8,2.2,12.4,16.5,,0.0,0.2,0.2,.066,,-3.1,-0.2,-3.4,-0.1
122,108,DeSagana Diop,C,25,DAL,81,1480,10.6,.503,.007,.570,13.8,21.6,17.8,2.8,1.4,5.8,25.0,7.9,,0.7,3.1,3.8,.123,,-2.3,4.7,2.4,1.7
126,110,Michael Doleac,C,29,MIA,56,698,11.0,.518,.006,.234,7.6,18.3,13.1,5.1,1.4,1.7,13.5,15.1,,0.3,0.9,1.2,.086,,-3.9,0.2,-3.6,-0.3
130,114,Tim Duncan,C,30,SAS,80,2726,26.1,.579,.008,.502,9.8,27.0,18.8,18.8,1.3,5.1,14.0,27.9,,6.3,6.8,13.0,.230,,2.0,5.1,7.1,6.3
136,118,Francisco Elson,C,30,SAS,70,1332,11.2,.552,.007,.284,7.7,22.2,15.2,6.4,1.2,3.3,21.3,14.4,,0.2,2.9,3.1,.111,,-3.7,3.4,-0.3,0.6
139,119,Melvin Ely,C,28,SAS,6,65,6.7,.376,.000,.600,5.8,19.7,13.0,9.2,3.3,2.3,16.5,22.1,,-0.2,0.2,0.0,-0.009,,-8.0,3.0,-5.0,0.0
150,129,Danny Fortson,C,30,SEA,14,158,4.3,.560,.033,.433,9.8,23.0,16.3,0.9,0.3,0.0,29.6,14.6,,-0.1,0.1,0.0,-0.013,,-6.3,-3.7,-10.0,-0.3
151,130,Jeff Foster,C,30,IND,75,1740,13.0,.513,.004,.469,16.5,24.1,20.2,5.0,1.9,1.6,18.2,9.9,,1.8,2.7,4.5,.124,,-1.4,2.3,0.9,1.3
153,132,Adonal Foyle,C,31,GSW,48,475,13.7,.557,.000,.294,11.5,17.7,14.6,5.5,1.1,8.0,19.3,10.7,,0.4,0.6,1.0,.104,,-3.2,4.0,0.8,0.3
157,136,Dan Gadzuric,C,28,MIL,54,840,11.9,.482,.004,.395,13.0,21.6,17.2,5.3,1.4,2.9,15.5,17.0,,0.1,0.7,0.8,.043,,-3.5,-0.3,-3.8,-0.4
163,141,Pau Gasol,C,26,MEM,59,2133,24.1,.593,.013,.466,8.3,24.2,16.3,17.7,0.7,4.5,13.5,25.3,,5.4,1.5,6.9,.155,,2.6,1.7,4.2,3.3
170,148,Andreas Glyniadakis,C,25,SEA,13,81,-3.3,.475,.000,.118,2.9,9.0,5.9,1.8,0.0,0.0,33.5,15.1,,-0.2,0.0,-0.2,-0.143,,-8.9,-3.2,-12.1,-0.2
193,168,David Harrison,C,24,IND,24,190,7.0,.525,.000,.379,5.4,20.5,12.8,5.6,1.4,4.8,27.8,22.1,,-0.5,0.3,-0.2,-0.040,,-8.1,1.3,-6.8,-0.2
201,174,Brendan Haywood,C,27,WAS,77,1740,14.2,.571,.000,.592,12.5,19.2,15.8,4.1,1.0,3.9,16.7,13.6,,2.2,1.3,3.4,.095,,-1.3,0.5,-0.7,0.6
205,178,Nenê Hilário,C,24,DEN,64,1715,17.8,.611,.002,.548,10.0,19.4,14.7,7.1,1.8,2.5,16.5,19.2,,2.9,2.4,5.3,.148,,0.0,1.5,1.5,1.5
213,183,Ryan Hollins,C,22,CHA,27,185,8.5,.597,.000,1.111,6.8,13.2,9.9,0.9,1.1,2.9,23.0,17.1,,0.0,0.2,0.2,.040,,-5.4,-1.5,-6.9,-0.2
216,186,Dwight Howard,C,21,ORL,82,3023,21.1,.619,.002,.763,11.8,28.9,20.5,9.5,1.2,4.2,21.4,22.7,,3.9,5.8,9.7,.154,,0.5,3.1,3.6,4.3
225,195,Zydrunas Ilgauskas,C,31,CLE,78,2130,18.0,.527,.001,.242,12.9,20.0,16.4,10.2,1.2,3.6,13.8,21.7,,2.6,4.0,6.6,.148,,-0.6,2.6,2.0,2.1
226,196,Mile Ilić,C,22,NJN,5,6,-48.6,.000,.000,.000,0.0,19.5,9.8,0.0,0.0,0.0,50.0,46.6,,-0.2,0.0,-0.2,-1.264,,-46.4,-7.2,-53.6,-0.1
227,197,Didier Ilunga-Mbenga,C,26,DAL,21,79,7.2,.435,.000,.500,4.7,11.9,8.4,10.9,2.0,4.8,20.4,14.5,,-0.1,0.1,0.1,.055,,-5.1,3.4,-1.6,0.0
243,206,Jerome James,C,31,NYK,41,273,5.1,.437,.000,.228,9.2,19.4,14.4,1.8,1.2,4.4,20.9,18.3,,-0.5,0.3,-0.2,-0.031,,-7.8,-0.4,-8.3,-0.4
251,212,Al Jefferson,C,22,BOS,69,2319,19.8,.547,.001,.334,12.0,27.4,19.5,7.2,1.1,3.5,11.8,22.4,,3.3,3.3,6.6,.137,,-0.5,1.0,0.6,1.5
276,230,Chris Kaman,C,24,LAC,75,2176,12.9,.502,.002,.344,8.9,23.3,16.2,6.1,1.0,4.1,16.4,19.0,,-0.3,3.2,2.9,.063,,-3.9,1.4,-2.5,-0.3
286,240,Nenad Krstić,C,23,NJN,26,848,16.9,.566,.003,.375,7.1,17.3,12.2,10.2,0.6,2.2,12.1,23.5,,1.1,0.9,1.9,.109,,-1.2,-0.3,-1.5,0.1
289,242,James Lang,C,23,WAS,11,55,6.6,.491,.000,.556,10.2,12.9,11.5,5.2,0.0,4.2,15.2,10.6,,0.0,0.0,0.1,.047,,-3.5,-0.5,-4.0,0.0
297,250,Mark Madsen,C,31,MIN,56,473,4.5,.547,.000,.674,9.1,12.8,11.0,3.0,1.1,1.6,27.4,7.5,,0.0,0.4,0.4,.042,,-4.0,0.5,-3.5,-0.2
299,252,Jamaal Magloire,C,28,POR,81,1703,11.5,.527,.000,.613,10.8,25.4,18.0,2.9,0.7,3.1,20.5,17.4,,-0.4,1.5,1.1,.032,,-4.3,-0.4,-4.7,-1.1
313,265,Jason Maxiell,C,23,DET,67,943,14.4,.518,.000,.523,11.1,12.3,11.7,2.5,1.7,4.9,14.1,18.9,,0.3,1.5,1.8,.091,,-3.0,1.0,-2.0,0.0
325,275,Stanislav Medvedenko,C,27,ATL,14,81,13.7,.556,.069,.690,5.9,15.1,10.4,4.4,0.0,1.9,11.7,24.3,,0.1,0.0,0.2,.107,,-3.3,-4.8,-8.1,-0.1
332,280,Brad Miller,C,30,SAC,63,1783,13.5,.508,.067,.302,5.1,21.7,13.2,20.4,1.1,1.7,16.2,16.8,,1.0,1.7,2.7,.072,,-1.7,1.6,-0.1,0.8
336,283,Yao Ming*,C,26,HOU,48,1624,26.5,.601,.002,.504,7.2,24.7,16.0,12.3,0.6,4.5,14.3,33.5,,4.0,3.4,7.4,.220,,0.4,2.0,2.3,1.8
338,285,Nazr Mohammed,C,29,DET,51,773,16.5,.554,.000,.369,13.7,21.5,17.6,2.0,1.9,4.0,14.3,18.5,,0.9,1.5,2.3,.145,,-2.3,0.5,-1.8,0.0
339,286,Mikki Moore,C,31,NJN,79,2082,14.8,.637,.002,.464,8.3,14.5,11.4,6.1,1.2,2.3,15.6,16.2,,3.5,2.3,5.7,.131,,-0.7,0.8,0.1,1.1
340,287,Randolph Morris,C,21,NYK,5,44,1.5,.231,.000,1.000,2.7,21.4,12.2,3.2,2.4,1.8,18.8,11.0,,-0.1,0.1,-0.1,-0.083,,-9.6,1.6,-8.0,-0.1
342,289,Alonzo Mourning*,C,36,MIA,77,1572,16.7,.590,.000,.725,9.7,16.4,13.1,2.0,0.4,9.0,18.7,20.8,,1.0,2.5,3.5,.107,,-3.9,2.0,-2.0,0.0
347,292,Dikembe Mutombo*,C,40,HOU,75,1289,14.4,.601,.000,.569,14.7,28.7,21.8,1.5,0.9,4.5,16.6,8.3,,2.1,3.0,5.2,.192,,-3.4,2.8,-0.5,0.5
352,297,Rasho Nesterović,C,30,TOR,80,1676,13.9,.558,.002,.119,8.0,17.4,12.6,7.0,1.1,3.9,11.2,13.8,,1.9,2.2,4.1,.118,,-1.4,2.6,1.2,1.4
359,303,Patrick O'Bryant,C,20,GSW,16,119,7.3,.393,.000,.531,6.3,13.2,9.7,10.2,2.4,5.1,16.8,17.0,,-0.2,0.2,0.0,-0.003,,-6.6,2.5,-4.1,-0.1
360,304,Jermaine O'Neal,C,28,IND,69,2459,18.8,.500,.006,.392,7.1,24.4,15.5,13.0,1.1,5.6,13.2,28.1,,0.5,4.1,4.7,.091,,-2.3,2.8,0.4,1.5
361,305,Shaquille O'Neal*,C,34,MIA,40,1135,21.7,.567,.000,.614,10.3,20.3,15.4,14.3,0.4,3.8,13.5,29.4,,1.4,1.5,2.8,.119,,0.4,0.4,0.9,0.8
364,308,Emeka Okafor,C,24,CHA,67,2329,20.1,.554,.000,.399,12.7,26.2,19.2,6.0,1.3,5.7,11.3,19.1,,3.5,3.6,7.1,.147,,-0.5,2.8,2.4,2.6
365,309,Mehmet Okur,C,27,UTA,80,2664,18.1,.571,.317,.365,7.3,19.1,13.2,9.9,0.7,1.2,9.2,22.8,,6.5,2.3,8.8,.158,,3.0,-1.0,2.0,2.7
367,311,Michael Olowokandi,C,31,BOS,24,234,4.5,.423,.000,.065,7.0,17.8,12.3,3.3,1.8,4.3,26.4,12.5,,-0.4,0.3,-0.1,-0.017,,-7.1,2.3,-4.8,-0.2
370,314,Zaza Pachulia,C,22,ATL,72,2026,16.8,.562,.002,.607,11.7,18.1,14.9,9.2,2.0,1.4,17.2,21.3,,2.7,2.1,4.8,.114,,-0.2,0.1,-0.1,1.0
383,324,Kendrick Perkins,C,22,BOS,72,1576,9.5,.518,.011,.372,8.4,20.1,14.1,9.4,0.8,4.7,26.5,12.2,,-0.6,1.9,1.4,.042,,-3.8,3.2,-0.6,0.5
385,326,Johan Petro,C,21,SEA,81,1510,11.6,.532,.000,.176,7.2,19.5,13.3,4.8,1.4,2.4,14.8,16.7,,0.5,1.2,1.7,.053,,-3.1,0.0,-3.1,-0.4
390,331,Scot Pollard,C,31,CLE,24,109,8.5,.432,.000,.154,15.6,17.5,16.5,4.2,1.9,0.7,12.6,13.2,,0.0,0.2,0.2,.100,,-3.5,0.6,-3.0,0.0
392,333,Vitaly Potapenko,C,31,SAC,3,13,-22.1,.000,.000,.000,0.0,18.4,9.0,0.0,0.0,0.0,33.3,20.7,,-0.2,0.0,-0.1,-0.534,,-23.9,-4.7,-28.6,-0.1
393,334,Leon Powe,C,23,BOS,63,720,14.6,.549,.011,.814,15.8,20.1,17.9,2.3,1.0,2.4,16.4,18.1,,0.9,0.8,1.7,.116,,-2.6,-1.8,-4.4,-0.4
400,339,Joel Przybilla,C,27,POR,43,701,7.4,.467,.000,.346,10.3,19.7,14.9,2.6,0.8,7.6,30.8,8.7,,-0.5,0.8,0.3,.020,,-5.0,3.9,-1.0,0.2
406,344,Theo Ratliff,C,33,BOS,2,44,6.7,.525,.000,1.333,5.3,13.9,9.5,0.0,1.2,5.3,17.4,5.9,,0.0,0.1,0.1,.073,,-5.6,1.2,-4.4,0.0
411,349,Jared Reiner,C,24,MIL,27,244,4.8,.348,.000,.233,10.0,24.4,17.1,7.4,1.1,1.9,22.8,11.4,,-0.3,0.2,-0.1,-0.027,,-6.4,0.5,-5.9,-0.2
423,357,Clifford Robinson,C,40,NJN,50,955,5.9,.434,.303,.165,3.9,11.2,7.5,8.2,0.7,1.9,11.4,12.9,,-0.5,0.8,0.3,.013,,-4.3,0.1,-4.2,-0.5
434,367,Jamal Sampson,C,23,DEN,22,125,11.3,.595,.071,1.000,13.7,29.3,21.6,5.5,0.8,4.0,33.2,10.3,,0.0,0.2,0.2,.083,,-4.1,2.1,-1.9,0.0
436,369,Luke Schenscher,C,24,POR,11,118,3.9,.364,.000,.304,10.3,16.1,13.2,1.3,0.9,2.7,13.3,12.0,,-0.1,0.1,0.0,-0.013,,-5.9,-0.8,-6.8,-0.1
438,371,Mouhamed Sene,C,20,SEA,28,169,8.5,.429,.000,.592,11.3,20.8,16.0,0.0,0.9,5.5,15.1,19.5,,-0.2,0.2,0.0,-0.011,,-8.5,-3.4,-11.9,-0.4
443,376,Uroš Slokar,C,23,TOR,20,72,13.9,.599,.077,.500,11.3,11.5,11.4,2.4,0.7,2.2,22.1,26.2,,0.0,0.1,0.1,.042,,-3.9,-3.1,-7.0,-0.1
455,385,Pape Sow,C,25,TOR,7,34,16.4,.430,.000,.667,20.5,17.5,19.0,8.7,1.5,2.3,7.9,17.2,,0.0,0.0,0.1,.128,,-1.2,0.6,-0.5,0.0
462,392,Amar'e Stoudemire,C,24,PHO,82,2689,23.1,.637,.003,.555,10.1,23.3,17.0,5.0,1.5,2.9,15.0,25.8,,7.2,4.0,11.2,.201,,0.9,0.7,1.6,2.4
463,393,Mike Sweetney,C,24,CHI,48,385,10.9,.469,.000,.493,13.4,22.1,17.8,11.7,1.2,2.2,20.5,23.7,,-0.4,0.8,0.4,.049,,-4.9,1.3,-3.5,-0.2
464,394,Stromile Swift,C,27,MEM,54,1029,14.2,.517,.014,.387,9.9,19.2,14.5,2.8,1.5,4.6,14.6,20.8,,0.2,0.8,1.0,.047,,-3.6,-0.6,-4.2,-0.6
470,400,Etan Thomas,C,28,WAS,65,1246,15.6,.585,.000,.498,12.2,22.9,17.4,3.6,0.9,5.5,17.4,14.4,,1.5,1.2,2.7,.105,,-2.0,0.9,-1.1,0.3
473,402,Kurt Thomas,C,34,PHO,67,1208,11.4,.531,.004,.274,8.7,26.9,18.3,2.7,1.0,1.7,10.8,12.1,,1.2,1.7,2.9,.115,,-3.0,0.8,-2.2,0.0
478,407,Jake Tsakalidis,C,27,TOT,36,390,8.4,.471,.000,.542,12.7,18.7,15.7,1.9,1.1,2.3,21.2,13.2,,-0.1,0.4,0.3,.031,,-5.1,-0.6,-5.7,-0.4
479,407,Jake Tsakalidis,C,27,MEM,23,258,6.5,.446,.000,.480,11.1,18.5,14.8,1.2,1.4,3.2,25.7,14.3,,-0.4,0.2,-0.2,-0.039,,-6.4,-0.9,-7.2,-0.3
480,407,Jake Tsakalidis,C,27,HOU,13,132,12.0,.524,.000,.682,15.8,19.1,17.4,3.4,0.4,0.6,9.5,11.1,,0.3,0.2,0.5,.169,,-2.5,-0.2,-2.7,0.0
482,409,Ronny Turiaf,C,24,LAL,72,1087,15.5,.586,.004,.500,9.6,18.3,13.9,9.1,0.8,5.5,13.7,15.7,,1.9,1.1,3.1,.137,,-1.2,1.5,0.2,0.6
486,413,Anderson Varejão,C,24,CLE,81,1932,14.4,.527,.022,.668,11.2,21.8,16.4,6.0,2.1,2.1,11.4,13.7,,2.6,4.0,6.6,.164,,-1.3,3.0,1.7,1.8
490,417,Jake Voskuhl,C,29,CHA,73,1043,10.9,.523,.000,.443,9.3,20.1,14.5,6.8,1.5,1.8,15.5,15.7,,0.5,1.1,1.7,.077,,-3.1,0.5,-2.6,-0.2
497,423,Ben Wallace,C,32,CHI,77,2697,14.6,.456,.012,.630,12.9,21.7,17.4,9.9,2.1,4.6,15.7,10.6,,1.6,6.6,8.2,.146,,-1.1,6.8,5.7,5.2
499,425,Rasheed Wallace,C,32,DET,75,2419,15.7,.513,.351,.163,4.4,22.2,13.3,8.9,1.7,3.8,9.4,19.6,,1.8,4.4,6.2,.123,,-0.2,2.5,2.3,2.6
523,444,Justin Williams,C,22,SAC,26,333,17.3,.566,.011,.716,17.6,23.0,20.3,1.0,0.8,3.7,11.5,17.6,,0.6,0.4,0.9,.132,,-2.2,-2.4,-4.6,-0.2
537,458,Lorenzen Wright,C,31,ATL,67,1035,6.6,.439,.000,.175,9.8,15.4,12.6,6.1,1.4,2.1,16.5,10.5,,-0.2,0.9,0.7,.033,,-3.7,0.7,-3.0,-0.2
