,Rk,Player,Pos,Age,Tm,G,MP,PER,TS%,3PAr,FTr,ORB%,DRB%,TRB%,AST%,STL%,BLK%,TOV%,USG%,Unnamed: 19,OWS,DWS,WS,WS/48,Unnamed: 24,OBPM,DBPM,BPM,VORP
12,9,Lance Allred,C,26,CLE,3,10,-1.0,.307,.000,.500,0.0,11.8,5.7,0.0,0.0,0.0,0.0,22.1,,0.0,0.0,0.0,-0.125,,-12.6,-7.1,-19.7,0.0
16,13,Chris Andersen,C,29,NOH,5,34,6.1,.342,.000,.571,6.7,24.6,15.5,0.0,0.0,9.2,10.2,13.3,,-0.1,0.1,0.0,.012,,-10.4,0.8,-9.6,-0.1
25,20,Hilton Armstrong,C,23,NOH,65,732,7.7,.498,.000,.473,10.1,16.0,13.0,4.4,1.1,3.6,24.8,15.1,,-0.5,1.0,0.5,.032,,-5.1,1.8,-3.3,-0.2
40,32,Earl Barron,C,26,MIA,46,889,9.4,.446,.040,.266,8.9,17.9,13.3,5.8,1.1,0.7,11.6,22.0,,-1.0,0.6,-0.4,-0.019,,-5.5,-2.2,-7.7,-1.3
42,34,Brandon Bass,C,22,DAL,79,1557,15.9,.564,.008,.400,9.2,16.3,12.9,6.1,0.8,2.3,12.4,19.8,,2.4,1.9,4.3,.132,,-1.0,0.0,-1.0,0.4
52,41,Andris Biedriņš,C,21,GSW,76,2078,19.2,.637,.000,.344,12.7,26.2,19.1,5.2,1.3,3.3,12.0,14.4,,5.4,2.6,8.0,.185,,0.6,1.2,1.8,2.0
56,45,Mark Blount,C,32,MIA,69,1542,11.4,.505,.085,.268,5.3,15.3,10.2,4.8,1.1,1.8,10.8,19.8,,-0.3,1.0,0.7,.021,,-4.1,-1.3,-5.4,-1.3
58,47,Andrew Bogut,C,23,MIL,78,2720,17.5,.532,.008,.354,10.2,23.4,16.5,12.4,1.2,3.9,14.1,20.2,,2.6,2.3,4.8,.085,,-0.5,1.7,1.2,2.2
61,50,Calvin Booth,C,31,PHI,31,204,7.1,.382,.000,.370,3.5,18.8,11.1,5.4,1.6,7.0,11.3,7.8,,-0.1,0.4,0.3,.065,,-6.0,4.9,-1.2,0.0
63,52,Chris Bosh,C,23,TOR,67,2425,23.8,.588,.024,.544,8.4,20.1,14.2,12.1,1.4,2.2,10.7,27.7,,7.0,3.1,10.1,.200,,2.7,1.0,3.7,3.5
70,59,Primož Brezec,C,28,TOT,50,475,5.4,.502,.000,.426,7.3,12.6,10.0,3.5,0.3,1.2,17.7,13.3,,-0.1,0.3,0.2,.017,,-5.0,-1.3,-6.3,-0.5
71,59,Primož Brezec,C,28,CHA,20,267,1.5,.409,.000,.116,6.0,13.0,9.5,3.3,0.0,0.9,24.9,10.3,,-0.4,0.1,-0.3,-0.054,,-7.1,-1.1,-8.2,-0.4
72,59,Primož Brezec,C,28,DET,17,98,10.8,.705,.000,1.077,8.5,14.7,11.6,6.2,1.1,1.6,20.7,11.6,,0.2,0.1,0.3,.148,,-1.0,0.9,0.0,0.0
73,59,Primož Brezec,C,28,TOR,13,110,10.2,.508,.000,.553,9.6,9.8,9.7,1.4,0.5,1.5,7.8,22.0,,0.1,0.1,0.2,.072,,-3.6,-3.7,-7.2,-0.1
78,63,Kwame Brown,C,25,TOT,38,713,10.1,.497,.000,.690,8.1,20.8,14.7,9.0,1.6,2.3,21.6,14.6,,-0.3,1.0,0.6,.043,,-3.9,1.9,-2.0,0.0
79,63,Kwame Brown,C,25,LAL,23,509,9.7,.503,.000,.621,7.0,20.9,14.3,7.7,1.6,2.7,22.0,14.6,,-0.3,0.8,0.5,.047,,-4.2,2.3,-1.9,0.0
80,63,Kwame Brown,C,25,MEM,15,204,11.1,.482,.000,.872,10.9,20.5,15.7,12.3,1.5,1.4,20.6,14.8,,0.0,0.2,0.1,.034,,-3.3,0.9,-2.4,0.0
89,70,Andrew Bynum,C,20,LAL,35,1008,22.6,.659,.000,.397,12.1,26.6,19.6,9.6,0.6,5.1,13.0,17.5,,3.0,1.8,4.8,.230,,1.7,2.7,4.5,1.6
91,72,Marcus Camby,C,33,DEN,79,2758,17.2,.498,.031,.318,9.2,31.1,20.3,12.9,1.5,7.3,14.0,13.0,,2.6,5.9,8.5,.148,,-1.8,6.6,4.8,4.7
100,79,Tyson Chandler,C,25,NOH,79,2783,17.5,.632,.002,.488,13.2,26.1,19.5,4.4,0.9,2.4,15.6,14.5,,5.9,4.1,10.0,.172,,0.5,1.9,2.4,3.1
104,82,Jarron Collins,C,29,UTA,70,702,6.1,.515,.012,.902,7.0,13.1,10.1,6.8,0.7,0.7,16.1,8.7,,0.5,0.5,1.0,.070,,-2.3,0.1,-2.2,0.0
105,83,Jason Collins,C,29,TOT,74,1172,3.4,.481,.009,.655,6.2,11.1,8.7,3.1,1.0,1.6,24.8,7.4,,-0.5,0.6,0.1,.005,,-5.1,0.5,-4.6,-0.8
106,83,Jason Collins,C,29,NJN,43,684,2.0,.430,.000,.667,5.9,9.2,7.5,4.0,0.8,0.9,24.8,6.2,,-0.3,0.3,0.0,-0.002,,-5.3,0.5,-4.8,-0.5
107,83,Jason Collins,C,29,MEM,31,488,5.4,.528,.017,.644,6.6,13.9,10.2,1.7,1.2,2.5,24.8,9.2,,-0.2,0.3,0.1,.015,,-4.8,0.6,-4.2,-0.3
120,92,Eddy Curry,C,25,NYK,59,1530,15.0,.578,.000,.551,8.0,12.6,10.2,3.8,0.5,1.5,15.7,23.5,,1.3,0.4,1.7,.053,,-1.9,-2.6,-4.5,-1.0
121,93,Samuel Dalembert,C,26,PHI,82,2724,15.6,.556,.002,.398,13.1,24.0,18.5,2.5,0.8,5.6,16.6,15.4,,2.6,4.3,6.9,.121,,-2.1,2.2,0.1,1.5
122,94,Erick Dampier,C,32,DAL,72,1755,15.3,.645,.000,.527,14.1,21.2,17.8,5.4,0.7,4.4,19.0,11.2,,3.3,2.8,6.0,.165,,0.4,3.1,3.4,2.4
127,99,Glen Davis,C,22,BOS,69,940,11.3,.545,.000,.679,12.8,13.5,13.2,4.6,1.7,1.7,18.5,17.4,,0.6,1.9,2.5,.128,,-2.7,1.1,-1.6,0.1
140,111,DeSagana Diop,C,26,TOT,79,1295,12.5,.536,.000,.389,14.6,20.3,17.5,4.6,1.1,5.1,21.6,9.6,,1.0,2.0,3.0,.113,,-2.2,3.3,1.1,1.0
141,111,DeSagana Diop,C,26,DAL,52,894,13.4,.596,.000,.348,14.8,19.9,17.5,4.2,1.2,5.2,24.1,9.1,,1.0,1.5,2.6,.137,,-1.1,3.8,2.7,1.1
142,111,DeSagana Diop,C,26,NJN,27,401,10.4,.435,.000,.462,14.1,21.1,17.6,5.3,0.8,4.9,17.0,10.8,,0.0,0.5,0.5,.058,,-4.6,2.1,-2.4,0.0
146,113,Michael Doleac,C,30,MIN,24,257,7.5,.446,.000,.032,7.0,15.4,11.1,4.1,2.0,3.1,15.8,13.3,,-0.2,0.2,0.0,.005,,-5.2,1.1,-4.1,-0.1
151,118,Tim Duncan,C,31,SAS,78,2651,24.4,.546,.003,.393,10.7,28.3,19.6,15.7,1.1,4.3,11.4,28.2,,4.9,6.2,11.1,.201,,0.7,4.1,4.7,4.5
159,123,Francisco Elson,C,31,TOT,63,813,6.9,.416,.004,.157,7.1,21.0,14.2,4.6,1.0,1.8,15.7,17.0,,-1.3,1.2,0.0,-0.001,,-7.2,0.7,-6.5,-0.9
160,123,Francisco Elson,C,31,SAS,41,534,8.5,.454,.000,.162,7.4,22.2,14.9,4.8,0.9,2.0,15.9,16.9,,-0.5,1.0,0.5,.043,,-6.6,1.3,-5.3,-0.4
161,123,Francisco Elson,C,31,SEA,22,279,3.8,.352,.011,.148,6.7,18.7,12.7,4.2,1.1,1.5,15.4,17.2,,-0.7,0.2,-0.5,-0.085,,-8.3,-0.5,-8.8,-0.5
162,124,Melvin Ely,C,29,NOH,52,621,9.0,.491,.000,.322,5.1,22.6,13.6,5.4,0.6,2.3,17.0,18.5,,-0.5,0.8,0.3,.022,,-6.2,0.1,-6.0,-0.6
172,130,Kyrylo Fesenko,C,21,UTA,9,70,4.0,.394,.000,.250,24.6,19.0,21.8,3.8,0.0,3.5,31.1,16.5,,-0.1,0.1,0.0,-0.031,,-5.3,-0.7,-6.0,-0.1
176,134,Jeff Foster,C,31,IND,77,1884,15.7,.568,.008,.389,14.9,23.8,19.3,10.1,1.5,1.3,12.4,11.5,,4.0,2.4,6.5,.165,,0.3,2.2,2.5,2.1
178,136,Adonal Foyle,C,32,ORL,82,774,9.9,.464,.000,.222,11.0,19.6,15.5,3.4,1.1,4.2,16.0,11.8,,0.0,1.3,1.3,.080,,-4.4,2.4,-2.0,0.0
181,139,Channing Frye,C,24,POR,78,1342,14.8,.529,.022,.241,9.4,21.6,15.5,7.4,1.2,1.6,9.9,19.6,,1.6,1.6,3.2,.114,,-1.6,0.2,-1.4,0.2
182,140,Dan Gadzuric,C,29,MIL,51,534,10.7,.443,.006,.409,14.2,17.7,15.9,3.2,2.0,3.5,15.8,18.2,,-0.4,0.4,0.1,.006,,-4.9,-0.7,-5.6,-0.5
189,146,Pau Gasol,C,27,TOT,66,2351,21.6,.594,.018,.407,7.4,18.7,13.1,15.2,0.6,3.0,10.6,22.1,,6.4,2.1,8.4,.172,,2.0,0.9,2.9,2.9
190,146,Pau Gasol,C,27,MEM,39,1433,20.1,.566,.027,.386,7.3,19.6,13.4,14.0,0.6,2.8,10.9,22.7,,3.0,0.9,3.9,.129,,1.0,0.5,1.5,1.3
191,146,Pau Gasol,C,27,LAL,27,918,24.0,.639,.003,.441,7.7,17.4,12.8,17.0,0.8,3.3,10.0,21.2,,3.4,1.2,4.6,.239,,3.5,1.6,5.1,1.6
209,157,Marcin Gortat,C,23,ORL,6,41,19.8,.491,.000,.176,23.5,21.6,22.5,8.4,1.3,1.8,9.8,22.7,,0.1,0.1,0.1,.158,,-0.3,-0.6,-0.8,0.0
214,161,Aaron Gray,C,23,CHI,61,613,13.9,.529,.005,.485,12.5,18.7,15.5,11.4,1.8,2.0,18.7,22.0,,0.1,0.8,0.8,.066,,-2.4,0.4,-2.0,0.0
230,171,Al Harrington,C,27,GSW,81,2190,15.6,.547,.442,.206,5.0,16.9,10.7,8.9,1.6,0.5,8.2,21.1,,3.7,1.7,5.4,.118,,1.6,-1.6,-0.1,1.1
231,172,Othella Harrington,C,34,CHA,22,166,5.8,.469,.000,.381,7.6,21.6,14.5,3.8,0.3,1.8,18.3,16.6,,-0.2,0.1,0.0,-0.010,,-7.2,-1.8,-9.0,-0.3
236,175,David Harrison,C,25,IND,55,702,8.6,.539,.000,.565,6.5,11.9,9.1,3.0,1.4,6.3,21.5,16.7,,-0.5,0.9,0.4,.030,,-5.7,2.2,-3.6,-0.3
242,179,Spencer Hawes,C,19,SAC,71,931,11.6,.486,.066,.182,8.8,20.1,14.6,7.7,0.8,3.3,14.0,19.2,,-0.2,0.8,0.6,.033,,-3.9,-0.5,-4.4,-0.6
246,182,Brendan Haywood,C,28,WAS,80,2228,18.3,.582,.000,.491,14.0,16.4,15.2,5.2,0.7,5.0,12.9,17.3,,4.9,1.9,6.8,.146,,0.5,0.9,1.4,1.9
255,189,Al Horford,C,21,ATL,81,2540,14.7,.539,.007,.317,11.4,24.5,18.0,7.9,1.2,2.2,15.3,16.0,,2.4,3.0,5.5,.103,,-1.3,1.1,-0.2,1.2
258,192,Dwight Howard,C,22,ORL,82,3088,22.9,.619,.004,.921,10.9,31.6,21.7,6.1,1.2,4.2,16.1,24.2,,6.4,6.4,12.9,.200,,-0.2,2.5,2.2,3.3
267,199,Steven Hunter,C,26,DEN,19,120,8.6,.530,.000,.714,9.2,16.8,13.1,0.0,0.0,3.6,16.0,15.5,,0.0,0.1,0.1,.043,,-6.6,-3.8,-10.4,-0.3
270,201,Zydrunas Ilgauskas,C,32,CLE,73,2222,18.7,.522,.001,.276,13.1,22.2,17.5,8.5,0.8,4.3,12.0,22.9,,2.9,3.2,6.1,.131,,-1.3,1.2,-0.1,1.1
271,202,Didier Ilunga-Mbenga,C,27,TOT,42,326,9.4,.465,.000,.143,9.4,14.7,12.1,4.3,1.1,5.8,11.8,13.5,,0.0,0.4,0.4,.066,,-4.3,1.7,-2.6,0.0
272,202,Didier Ilunga-Mbenga,C,27,GSW,16,130,6.7,.398,.000,.087,10.3,15.4,12.8,3.9,1.1,5.6,14.3,9.0,,0.0,0.1,0.1,.048,,-4.7,2.3,-2.4,0.0
273,202,Didier Ilunga-Mbenga,C,27,LAL,26,196,11.2,.489,.000,.164,8.9,14.1,11.6,4.6,1.0,5.9,10.9,16.5,,0.0,0.3,0.3,.078,,-4.1,1.3,-2.7,0.0
283,210,Jerome James,C,32,NYK,2,5,45.3,1.064,.000,2.000,0.0,70.6,34.2,0.0,0.0,0.0,0.0,16.9,,0.1,0.0,0.1,.613,,1.9,-9.5,-7.6,0.0
290,215,Al Jefferson,C,23,MIN,82,2919,22.7,.535,.003,.273,11.9,24.7,18.1,7.5,1.3,3.2,9.4,27.5,,4.8,2.9,7.7,.127,,0.6,-0.3,0.3,1.7
318,233,Chris Kaman,C,25,LAC,56,2083,17.5,.538,.006,.379,9.5,30.0,19.7,9.3,0.8,5.6,16.7,21.7,,0.4,3.2,3.6,.083,,-2.9,3.2,0.4,1.2
333,243,Nenad Krstić,C,24,NJN,45,812,8.5,.451,.007,.230,5.0,23.6,14.3,5.8,0.6,1.6,11.0,20.9,,-0.9,0.7,-0.1,-0.007,,-6.9,-1.7,-8.5,-1.3
334,244,Raef LaFrentz,C,31,POR,39,291,10.4,.469,.066,.311,11.4,15.7,13.6,3.2,2.3,4.5,12.6,12.9,,0.1,0.4,0.5,.085,,-3.4,2.7,-0.7,0.1
349,255,Jamaal Magloire,C,29,TOT,31,286,1.4,.377,.000,.800,7.7,28.3,18.0,3.7,0.2,2.7,28.7,16.8,,-1.0,0.3,-0.6,-0.109,,-11.5,-0.7,-12.2,-0.7
350,255,Jamaal Magloire,C,29,NJN,24,259,1.7,.351,.000,.633,8.0,28.2,18.1,4.1,0.0,3.0,26.9,15.1,,-0.8,0.3,-0.5,-0.096,,-10.9,-0.3,-11.2,-0.6
351,255,Jamaal Magloire,C,29,DAL,7,27,-1.9,.512,.000,2.167,4.4,29.0,17.1,0.0,2.0,0.0,37.4,32.3,,-0.2,0.0,-0.1,-0.234,,-16.8,-5.3,-22.0,-0.1
352,256,Ian Mahinmi,C,21,SAS,6,23,35.3,.658,.000,.750,0.0,25.3,12.8,9.0,0.0,13.2,11.1,37.4,,0.1,0.1,0.2,.372,,-0.9,3.3,2.3,0.0
357,259,Sean Marks,C,32,PHO,19,130,16.1,.574,.093,.442,8.5,21.7,15.6,4.5,1.1,5.0,13.5,20.4,,0.1,0.2,0.3,.121,,-2.9,0.2,-2.6,0.0
367,266,Jason Maxiell,C,24,DET,82,1768,16.7,.576,.002,.605,11.9,17.4,14.6,4.2,0.7,4.2,11.2,17.0,,3.4,2.9,6.3,.171,,-0.5,1.5,1.0,1.4
369,268,Jelani McCoy,C,30,DEN,6,33,2.6,.798,.000,2.000,3.3,19.3,11.5,0.0,0.0,10.8,68.0,7.6,,-0.1,0.1,0.0,-0.036,,-10.0,3.1,-6.9,0.0
375,274,Chris Mihm,C,28,LAL,23,278,7.7,.384,.000,.284,11.7,18.8,15.4,6.6,0.7,3.6,13.7,19.6,,-0.4,0.4,0.0,-0.004,,-6.5,0.1,-6.4,-0.3
377,276,Darko Miličić,C,22,MEM,70,1663,11.0,.456,.002,.242,8.5,20.2,14.3,5.4,1.0,5.0,15.4,17.5,,-1.4,1.6,0.2,.006,,-5.1,1.6,-3.5,-0.6
379,278,Brad Miller,C,31,SAC,72,2513,16.8,.558,.124,.424,8.0,23.7,16.0,16.6,1.4,2.3,16.0,18.3,,3.8,2.7,6.5,.125,,0.7,1.9,2.6,2.9
383,281,Yao Ming*,C,27,HOU,55,2044,22.5,.587,.002,.477,9.6,22.9,16.4,11.5,0.6,4.0,15.1,27.1,,4.2,4.1,8.3,.196,,0.4,2.6,2.9,2.6
385,283,Nazr Mohammed,C,30,TOT,82,1650,15.8,.533,.002,.309,13.5,21.1,17.3,7.6,1.4,2.8,14.4,19.5,,1.3,2.0,3.4,.098,,-1.6,0.7,-0.9,0.5
386,283,Nazr Mohammed,C,30,DET,21,228,13.1,.478,.017,.508,15.1,23.2,19.1,4.1,1.7,2.8,13.2,17.2,,0.1,0.5,0.5,.112,,-3.1,1.0,-2.1,0.0
387,283,Nazr Mohammed,C,30,CHA,61,1422,16.2,.540,.000,.284,13.3,20.8,17.0,8.1,1.4,2.8,14.6,19.9,,1.3,1.6,2.8,.096,,-1.3,0.7,-0.7,0.5
390,286,Randolph Morris,C,22,NYK,18,181,4.3,.396,.000,.500,7.3,16.2,11.6,1.8,1.2,0.9,11.3,19.8,,-0.3,0.1,-0.2,-0.061,,-7.7,-3.1,-10.8,-0.4
391,287,Alonzo Mourning*,C,37,MIA,25,389,16.2,.580,.000,.800,10.3,18.5,14.3,3.1,0.5,8.6,16.3,18.7,,0.3,0.5,0.8,.098,,-4.2,1.7,-2.5,0.0
396,290,Dikembe Mutombo*,C,41,HOU,39,619,14.5,.591,.000,.563,12.6,23.5,18.1,1.2,0.9,5.7,14.6,8.6,,0.9,1.4,2.3,.178,,-3.5,3.1,-0.4,0.3
402,296,Rasho Nesterović,C,31,TOR,71,1486,16.1,.565,.006,.105,10.3,17.0,13.6,8.9,0.7,2.8,10.9,17.4,,2.3,1.6,3.9,.125,,-0.1,1.1,1.1,1.2
410,299,Joakim Noah,C,22,CHI,74,1534,15.5,.539,.003,.529,12.4,18.4,15.3,8.6,2.3,3.3,16.4,15.6,,1.5,2.3,3.8,.120,,-1.2,2.8,1.6,1.4
415,303,Patrick O'Bryant,C,21,GSW,24,99,14.0,.561,.000,.172,10.4,21.4,15.7,5.8,2.0,6.6,18.3,16.3,,0.1,0.2,0.2,.105,,-3.5,2.6,-1.0,0.0
416,304,Jermaine O'Neal,C,29,IND,42,1206,14.4,.489,.010,.318,7.3,18.5,12.8,12.9,0.8,5.4,15.4,24.8,,-0.7,1.6,0.9,.035,,-4.0,2.1,-2.0,0.0
417,305,Shaquille O'Neal*,C,35,TOT,61,1748,17.1,.589,.000,.606,11.4,24.8,18.4,9.1,0.9,3.7,20.4,23.5,,0.6,2.3,2.8,.078,,-2.0,1.3,-0.7,0.6
418,305,Shaquille O'Neal*,C,35,MIA,33,945,17.7,.577,.000,.541,12.4,20.5,16.4,9.4,1.1,4.6,19.4,25.3,,0.1,1.0,1.2,.059,,-1.9,1.1,-0.7,0.3
419,305,Shaquille O'Neal*,C,35,PHO,28,803,16.5,.605,.000,.699,10.3,29.8,20.8,8.8,0.8,2.8,21.7,21.3,,0.4,1.2,1.7,.100,,-2.1,1.4,-0.7,0.3
422,308,Emeka Okafor,C,25,CHA,82,2718,17.4,.553,.000,.435,10.7,26.4,18.5,4.5,1.2,3.9,13.8,20.0,,2.2,3.6,5.8,.103,,-2.3,0.9,-1.3,0.4
423,309,Mehmet Okur,C,28,UTA,72,2390,15.2,.556,.350,.273,6.8,21.5,14.2,9.0,1.2,1.0,9.9,19.6,,4.0,2.7,6.7,.134,,1.7,0.0,1.7,2.3
428,314,Zaza Pachulia,C,23,ATL,62,944,11.0,.515,.012,.624,11.0,19.5,15.3,6.0,1.3,1.0,18.1,18.3,,0.2,0.9,1.1,.054,,-3.6,-1.2,-4.8,-0.7
439,322,Oleksiy Pecherov,C,22,WAS,35,320,9.6,.451,.480,.248,7.5,16.9,12.1,3.6,1.0,1.3,10.9,22.4,,-0.2,0.2,0.0,-0.002,,-3.3,-4.0,-7.3,-0.4
440,323,Kendrick Perkins,C,23,BOS,78,1912,13.3,.632,.003,.526,9.6,19.3,14.8,6.8,0.9,4.9,22.6,13.5,,1.9,4.3,6.2,.156,,-1.7,4.3,2.6,2.2
441,324,Kosta Perović,C,22,GSW,7,38,10.3,.396,.000,.600,16.2,20.5,18.3,3.4,0.0,3.8,7.3,15.1,,0.0,0.0,0.0,.060,,-4.9,-1.7,-6.7,0.0
443,326,Johan Petro,C,22,SEA,72,1310,10.0,.453,.002,.198,8.2,22.6,15.4,3.8,1.3,2.3,13.3,18.2,,-1.1,1.5,0.4,.014,,-5.5,0.0,-5.5,-1.1
447,330,Scot Pollard,C,32,BOS,22,173,8.7,.597,.000,.957,10.2,14.9,12.7,2.5,0.9,2.9,13.3,10.1,,0.3,0.3,0.6,.171,,-2.5,1.5,-1.0,0.0
449,332,Leon Powe,C,24,BOS,56,809,20.9,.629,.004,.717,14.9,18.3,16.7,3.3,1.0,1.6,10.8,22.8,,2.7,1.6,4.3,.256,,0.6,-1.5,-0.9,0.2
450,333,Josh Powell,C,25,LAC,64,1228,10.7,.500,.010,.276,10.7,20.4,15.6,6.4,0.6,1.4,15.5,15.7,,0.1,1.0,1.1,.042,,-3.9,-0.3,-4.1,-0.7
455,338,Joel Przybilla,C,28,POR,77,1819,12.3,.611,.004,.488,12.7,29.3,21.0,2.3,0.4,4.0,23.8,10.4,,1.6,2.7,4.3,.113,,-3.2,1.9,-1.3,0.3
460,342,Zach Randolph,C,26,NYK,69,2244,18.0,.513,.076,.273,9.1,27.6,18.0,11.8,1.4,0.6,13.6,27.4,,0.9,2.0,3.0,.063,,-1.0,-0.5,-1.5,0.3
463,343,Theo Ratliff,C,34,DET,16,223,11.6,.501,.000,.450,10.1,16.7,13.4,4.6,1.0,6.4,15.8,12.0,,0.1,0.4,0.5,.115,,-3.4,3.9,0.6,0.1
466,346,Chris Richard,C,23,MIN,52,556,7.9,.496,.000,.310,10.5,17.9,14.1,4.6,0.9,1.7,19.5,10.0,,0.1,0.3,0.4,.037,,-3.8,0.1,-3.7,-0.2
480,357,Michael Ruffin,C,31,MIL,46,632,12.1,.507,.000,1.016,16.1,18.6,17.3,5.4,2.6,2.4,17.5,7.7,,0.7,0.6,1.2,.095,,-1.2,2.0,0.8,0.4
483,360,Cheikh Samb,C,23,DET,4,31,12.0,.717,.000,.500,11.5,15.5,13.5,0.0,1.8,5.1,17.0,8.9,,0.1,0.1,0.1,.178,,-2.1,0.9,-1.2,0.0
488,364,Mouhamed Sene,C,21,SEA,13,62,18.2,.476,.000,.708,12.3,15.8,14.1,2.6,0.0,8.1,0.0,22.0,,0.1,0.1,0.2,.121,,-2.9,-0.8,-3.7,0.0
494,368,Courtney Sims,C,24,IND,3,11,1.1,.000,.000,.000,9.7,10.1,9.9,11.6,0.0,0.0,0.0,3.9,,0.0,0.0,0.0,.008,,-5.8,0.1,-5.7,0.0
495,369,Brian Skinner,C,31,PHO,66,844,11.4,.485,.015,.318,9.2,21.7,15.9,2.4,1.2,6.0,14.7,14.0,,-0.2,1.4,1.2,.069,,-4.8,2.1,-2.6,-0.1
507,377,Darius Songaila,C,29,WAS,80,1554,11.8,.496,.004,.156,6.0,14.7,10.2,14.2,1.8,0.9,14.7,17.3,,0.6,1.2,1.7,.053,,-2.2,0.0,-2.2,-0.1
517,384,Amar'e Stoudemire,C,25,PHO,79,2677,27.6,.656,.026,.571,8.2,21.1,15.2,7.5,1.2,4.0,10.3,28.2,,10.9,3.8,14.6,.262,,3.5,0.4,3.9,4.0
520,387,Robert Swift,C,22,SEA,8,98,2.9,.391,.000,.118,6.7,13.3,10.0,1.4,2.5,4.4,35.9,12.3,,-0.3,0.1,-0.2,-0.074,,-8.7,3.1,-5.7,-0.1
534,394,Kurt Thomas,C,35,SEA,42,1060,15.8,.536,.000,.207,9.7,28.2,19.0,7.6,1.6,2.9,8.7,13.2,,1.4,1.6,3.0,.134,,-1.4,2.8,1.4,0.9
541,400,Ronny Turiaf,C,25,LAL,78,1458,15.0,.539,.003,.469,7.5,15.4,11.6,12.7,1.0,5.3,13.1,16.7,,2.0,2.1,4.2,.137,,-1.5,2.6,1.1,1.1
546,404,Anderson Varejão,C,25,CLE,48,1320,12.0,.485,.007,.278,11.2,23.6,17.2,6.3,1.5,1.6,15.1,13.4,,0.5,1.9,2.4,.086,,-3.2,1.6,-1.6,0.1
550,408,Jake Voskuhl,C,30,MIL,44,386,8.7,.528,.000,.363,8.8,21.3,14.8,5.1,1.2,4.3,23.8,14.2,,-0.1,0.3,0.2,.025,,-5.3,0.6,-4.7,-0.3
558,413,Ben Wallace,C,33,CHI,50,1627,11.8,.391,.015,.461,11.7,19.1,15.3,8.2,2.2,3.8,13.1,10.2,,0.0,2.5,2.4,.072,,-2.5,4.7,2.1,1.7
561,415,Rasheed Wallace,C,33,DET,77,2346,17.2,.523,.362,.172,4.3,21.8,13.0,9.7,2.1,4.3,8.4,20.5,,2.5,5.1,7.6,.155,,0.6,3.4,4.0,3.6
565,419,Darryl Watkins,C,23,SAC,9,71,0.5,.349,.000,.333,8.5,11.4,10.0,0.0,1.4,2.2,28.9,15.2,,-0.2,0.0,-0.2,-0.136,,-10.1,-2.7,-12.8,-0.2
585,431,Aaron Williams,C,36,LAC,30,297,10.3,.540,.000,.327,5.8,18.0,11.9,4.9,2.1,3.8,17.1,11.8,,0.0,0.4,0.4,.072,,-4.7,2.4,-2.3,0.0
588,434,Justin Williams,C,23,TOT,23,123,13.2,.420,.000,.897,19.5,27.3,23.5,0.0,2.1,3.1,9.0,16.2,,0.0,0.2,0.2,.071,,-5.9,-4.4,-10.3,-0.3
589,434,Justin Williams,C,23,SAC,22,117,14.5,.434,.000,.846,19.6,28.7,24.2,0.0,2.2,3.3,7.8,14.8,,0.1,0.2,0.2,.096,,-5.3,-4.1,-9.4,-0.2
590,434,Justin Williams,C,23,HOU,1,6,-13.0,.315,.000,1.333,19.1,0.0,9.4,0.0,0.0,0.0,17.4,43.9,,-0.1,0.0,-0.1,-0.425,,-17.4,-10.8,-28.2,0.0
598,440,Sean Williams,C,21,NJN,73,1278,13.9,.563,.000,.436,10.4,18.8,14.6,3.7,1.1,6.5,16.1,15.5,,0.8,1.7,2.5,.093,,-3.6,2.1,-1.6,0.1
604,443,Loren Woods,C,29,HOU,7,17,13.4,.600,.000,.000,0.0,6.5,3.3,20.1,0.0,0.0,0.0,13.4,,0.0,0.0,0.1,.179,,-1.3,-3.2,-4.5,0.0
612,449,Lorenzen Wright,C,32,TOT,18,161,2.5,.317,.000,.286,5.8,21.6,13.8,3.5,1.0,1.4,14.5,7.8,,-0.2,0.2,0.0,.001,,-7.0,0.1,-6.9,-0.2
613,449,Lorenzen Wright,C,32,ATL,13,148,3.7,.331,.000,.353,5.5,23.5,14.6,2.8,1.1,1.5,9.2,6.6,,-0.1,0.2,0.1,.028,,-6.5,0.4,-6.1,-0.2
614,449,Lorenzen Wright,C,32,SAC,5,13,-11.7,.250,.000,.000,9.3,0.0,4.5,11.1,0.0,0.0,33.3,20.6,,-0.1,0.0,-0.1,-0.304,,-12.2,-4.3,-16.5,0.0
