,Rk,Player,Pos,Age,Tm,G,MP,PER,TS%,3PAr,FTr,ORB%,DRB%,TRB%,AST%,STL%,BLK%,TOV%,USG%,Unnamed: 19,OWS,DWS,WS,WS/48,Unnamed: 24,OBPM,DBPM,BPM,VORP
18,15,Chris Andersen,C,30,DEN,71,1460,18.1,.608,.034,.620,13.4,21.6,17.6,3.2,1.4,9.3,15.7,13.4,,2.5,2.8,5.4,.176,,-1.2,4.6,3.4,2.0
21,18,Joel Anthony,C,26,MIA,65,1048,9.3,.521,.000,.390,10.1,12.4,11.2,3.7,1.0,7.2,22.9,8.0,,0.4,1.4,1.7,.079,,-4.0,4.1,0.2,0.6
25,21,Hilton Armstrong,C,24,NOH,70,1092,10.7,.585,.008,.398,9.0,12.6,10.8,4.4,1.3,3.5,21.7,16.3,,0.2,1.3,1.5,.068,,-3.4,1.1,-2.3,-0.1
41,33,Brandon Bass,C,23,DAL,81,1574,16.4,.571,.012,.413,9.5,17.2,13.4,4.3,0.9,2.6,12.5,20.0,,2.5,1.6,4.1,.124,,-1.6,-0.6,-2.1,-0.1
55,44,Andris Biedriņš,C,22,GSW,62,1863,19.1,.585,.002,.405,13.0,27.4,20.2,10.0,1.7,3.6,14.9,16.9,,3.3,2.1,5.4,.139,,0.6,1.9,2.6,2.1
60,47,Andray Blatche,C,22,WAS,71,1703,15.0,.508,.033,.257,8.5,17.9,13.0,11.8,1.6,3.5,14.3,21.9,,0.2,1.2,1.4,.039,,-1.9,0.4,-1.5,0.2
61,48,Mark Blount,C,33,MIA,20,207,8.7,.472,.346,.167,5.7,18.1,11.8,3.1,0.3,2.8,14.3,22.2,,-0.3,0.2,-0.1,-0.024,,-6.1,-2.9,-9.0,-0.4
65,50,Andrew Bogut,C,24,MIL,36,1124,16.2,.586,.000,.309,11.8,27.7,19.4,10.7,1.1,2.7,19.3,17.8,,1.0,1.6,2.6,.112,,-0.9,2.6,1.7,1.0
67,52,Josh Boone,C,24,NJN,62,995,13.3,.513,.000,.397,12.3,18.7,15.4,5.0,1.2,3.9,11.0,13.3,,0.9,0.9,1.8,.089,,-2.4,1.1,-1.3,0.2
68,53,Calvin Booth,C,32,TOT,8,56,11.4,.592,.000,.800,10.1,12.6,11.5,0.0,0.9,2.7,6.9,11.6,,0.1,0.0,0.1,.106,,-3.3,-4.0,-7.3,-0.1
69,53,Calvin Booth,C,32,MIN,1,1,39.8,,,,100.0,0.0,58.5,0.0,0.0,0.0,,0.0,,0.0,0.0,0.0,.475,,14.7,-9.1,5.6,0.0
70,53,Calvin Booth,C,32,SAC,7,55,10.9,.592,.000,.800,8.4,12.8,10.6,0.0,0.9,2.7,6.9,11.8,,0.1,0.0,0.1,.099,,-3.6,-3.9,-7.5,-0.1
72,55,Chris Bosh,C,24,TOR,77,2928,22.1,.569,.039,.489,8.7,22.1,15.5,11.6,1.2,2.0,10.2,26.9,,6.6,3.1,9.7,.159,,2.0,0.5,2.4,3.3
88,66,Kwame Brown,C,26,DET,58,999,11.5,.546,.000,.722,10.7,24.0,17.2,4.9,1.3,1.9,18.3,13.0,,0.5,1.4,1.9,.093,,-3.1,1.2,-1.9,0.0
96,72,Andrew Bynum,C,21,LAL,50,1446,20.0,.598,.000,.428,10.8,20.1,15.6,7.7,0.6,4.8,12.5,20.7,,3.2,2.3,5.5,.184,,0.2,1.6,1.9,1.4
99,75,Marcus Camby,C,34,LAC,62,1925,18.7,.556,.008,.367,9.4,32.7,20.7,10.8,1.4,5.1,13.9,15.8,,2.3,2.9,5.2,.129,,-2.0,3.7,1.8,1.8
109,82,Tyson Chandler,C,26,NOH,45,1445,13.4,.581,.000,.470,13.7,19.2,16.4,2.4,0.6,3.3,17.0,13.7,,1.7,1.7,3.4,.114,,-1.8,0.9,-0.9,0.4
112,85,Jarron Collins,C,30,UTA,26,201,5.8,.502,.000,.314,11.9,10.1,11.0,4.9,0.5,0.4,18.4,10.9,,0.1,0.1,0.2,.047,,-2.9,-1.0,-3.9,-0.1
113,86,Jason Collins,C,30,MIN,31,422,3.3,.346,.000,.400,7.5,12.1,9.7,3.7,1.1,2.4,12.7,10.1,,-0.4,0.3,-0.2,-0.018,,-5.7,0.9,-4.8,-0.3
117,88,Nick Collison,C,28,OKC,71,1831,14.8,.599,.005,.318,11.2,19.7,15.4,5.8,1.4,2.0,13.0,13.5,,3.0,2.0,5.0,.130,,-0.5,1.0,0.6,1.2
133,96,Eddy Curry,C,26,NYK,3,12,2.8,.753,.000,1.500,0.0,37.7,18.2,0.0,0.0,0.0,37.6,19.3,,0.0,0.0,0.0,-0.064,,-11.5,-5.8,-17.3,0.0
134,97,Samuel Dalembert,C,27,PHI,82,2036,13.2,.535,.005,.286,12.5,28.9,20.6,1.4,0.9,5.8,19.3,13.6,,0.5,3.5,4.0,.095,,-4.2,1.7,-2.5,-0.3
135,98,Erick Dampier,C,33,DAL,80,1836,15.7,.664,.000,.504,13.6,21.6,17.7,6.1,0.7,3.8,17.8,10.4,,3.9,2.3,6.1,.161,,0.4,2.5,2.9,2.3
143,103,Glen Davis,C,23,BOS,76,1637,10.7,.502,.011,.396,9.4,12.8,11.2,6.5,1.7,0.9,11.8,17.1,,1.0,2.7,3.7,.108,,-2.1,1.1,-1.0,0.4
155,111,DeSagana Diop,C,27,TOT,75,1036,9.7,.425,.000,.386,13.3,18.2,15.8,4.6,1.5,4.3,16.3,10.8,,-0.2,1.6,1.4,.065,,-3.9,3.0,-0.9,0.3
156,111,DeSagana Diop,C,27,DAL,34,452,8.9,.396,.000,.500,11.5,18.4,15.0,3.9,1.4,4.1,13.5,8.3,,0.1,0.6,0.7,.070,,-3.8,3.0,-0.8,0.1
157,111,DeSagana Diop,C,27,CHA,41,584,10.3,.441,.000,.327,14.7,18.1,16.4,5.2,1.6,4.4,17.8,12.7,,-0.2,1.0,0.7,.060,,-4.0,3.0,-1.0,0.1
170,120,Tim Duncan,C,32,SAS,75,2524,24.4,.549,.002,.436,9.6,27.9,18.9,19.3,0.8,3.7,11.1,28.5,,5.0,5.0,10.1,.191,,1.1,3.5,4.6,4.2
175,124,Francisco Elson,C,32,MIL,59,977,10.3,.537,.024,.231,11.6,16.3,13.8,4.8,1.9,3.1,20.5,10.8,,0.5,1.3,1.8,.089,,-2.5,2.7,0.1,0.5
176,125,Melvin Ely,C,30,NOH,31,373,6.0,.438,.000,.379,9.7,11.0,10.4,7.6,0.3,2.0,17.2,17.3,,-0.3,0.3,-0.1,-0.008,,-5.6,-0.7,-6.2,-0.4
183,132,Kyrylo Fesenko,C,22,UTA,21,156,13.0,.542,.000,.583,10.7,17.6,14.2,3.9,2.3,7.6,16.6,15.6,,0.0,0.3,0.3,.095,,-3.4,3.8,0.4,0.1
187,136,Jeff Foster,C,32,IND,74,1828,13.0,.542,.020,.414,12.8,17.8,15.3,9.9,1.4,2.0,17.4,12.0,,2.3,1.9,4.2,.111,,-0.5,2.1,1.6,1.7
189,138,Adonal Foyle,C,33,TOT,10,62,19.7,.623,.000,.545,16.8,30.1,23.6,2.6,0.0,9.3,18.0,12.4,,0.1,0.2,0.3,.212,,-3.5,4.0,0.5,0.0
190,138,Adonal Foyle,C,33,ORL,9,59,21.0,.623,.000,.545,17.7,31.7,24.8,2.7,0.0,9.7,18.0,13.0,,0.1,0.2,0.3,.223,,-3.3,4.3,0.9,0.0
191,138,Adonal Foyle,C,33,MEM,1,3,-6.3,,,,0.0,0.0,0.0,0.0,0.0,0.0,,0.0,,0.0,0.0,0.0,-0.003,,-6.4,-0.3,-6.7,0.0
193,140,Dan Gadzuric,C,30,MIL,67,941,12.2,.495,.008,.279,11.4,21.0,16.0,6.5,1.8,3.8,13.0,15.0,,0.4,1.4,1.8,.094,,-3.0,2.4,-0.6,0.3
199,145,Marc Gasol,C,24,MEM,82,2521,16.7,.590,.002,.567,9.6,20.0,14.7,9.7,1.3,2.9,16.6,18.3,,3.7,2.7,6.4,.121,,-0.2,1.5,1.2,2.1
200,146,Pau Gasol,C,28,LAL,81,2999,22.2,.617,.002,.420,10.0,19.3,14.7,14.8,0.9,2.1,11.3,20.4,,9.8,4.2,13.9,.223,,3.3,1.7,5.0,5.3
219,161,Aaron Gray,C,24,CHI,56,715,11.5,.508,.006,.353,13.5,21.7,17.6,9.6,1.0,1.8,17.2,14.5,,0.5,0.8,1.3,.086,,-2.1,0.6,-1.5,0.1
224,166,Hamed Haddadi,C,23,MEM,19,120,19.7,.543,.000,.968,16.1,32.2,24.0,11.1,0.4,8.1,16.9,20.7,,0.2,0.2,0.4,.142,,-2.6,2.7,0.1,0.1
237,175,Spencer Hawes,C,20,SAC,77,2259,13.0,.509,.144,.170,7.6,20.9,14.2,11.3,1.0,3.1,15.7,20.2,,-0.4,1.2,0.8,.016,,-2.4,0.2,-2.1,-0.1
238,176,Chuck Hayes,C,25,HOU,71,858,7.8,.375,.035,.168,10.5,23.0,17.0,7.0,2.1,1.6,17.1,7.9,,-0.1,1.7,1.6,.092,,-4.1,4.1,0.0,0.4
240,178,Brendan Haywood,C,29,WAS,6,175,14.9,.490,.000,.420,8.5,21.4,14.8,7.3,1.2,7.0,13.2,17.7,,0.0,0.2,0.2,.041,,-3.8,2.1,-1.7,0.0
246,181,Roy Hibbert,C,22,IND,70,1009,16.1,.510,.000,.350,12.4,14.1,13.3,7.9,1.0,5.6,10.2,23.3,,1.0,1.2,2.1,.102,,-1.9,0.5,-1.3,0.2
247,182,J.J. Hickson,C,20,CLE,62,705,12.5,.548,.000,.345,9.1,18.4,13.9,2.1,1.1,3.4,16.8,18.0,,0.2,1.3,1.5,.101,,-4.7,0.2,-4.5,-0.4
248,183,Nenê Hilário,C,26,DEN,77,2510,18.8,.645,.007,.519,8.7,18.7,13.8,7.1,1.9,3.1,14.4,18.1,,5.6,3.7,9.3,.177,,1.3,2.1,3.4,3.4
253,188,Ryan Hollins,C,24,TOT,45,444,12.9,.569,.000,.766,12.4,13.4,12.9,2.5,0.8,5.7,16.0,15.7,,0.5,0.6,1.0,.110,,-2.9,0.9,-2.0,0.0
254,188,Ryan Hollins,C,24,CHA,18,184,15.3,.613,.000,1.114,12.9,11.4,12.1,3.5,0.9,7.6,16.1,15.9,,0.3,0.3,0.6,.158,,-1.9,2.4,0.5,0.1
255,188,Ryan Hollins,C,24,DAL,27,260,11.3,.537,.000,.559,12.0,14.9,13.5,1.7,0.8,4.3,16.0,15.5,,0.1,0.3,0.4,.076,,-3.7,-0.1,-3.8,-0.1
256,189,Al Horford,C,22,ATL,67,2242,17.0,.565,.002,.345,7.6,25.0,16.3,11.9,1.3,3.3,13.1,16.4,,3.3,3.5,6.8,.145,,-0.7,3.1,2.3,2.5
258,191,Dwight Howard,C,23,ORL,79,2821,25.4,.600,.002,.867,13.8,29.5,21.8,7.3,1.4,5.9,15.1,26.1,,6.2,7.6,13.8,.234,,0.1,4.3,4.4,4.6
270,199,Zydrunas Ilgauskas,C,33,CLE,65,1765,18.0,.523,.054,.240,11.0,21.6,16.5,6.4,0.9,3.8,10.1,23.8,,2.1,3.5,5.6,.151,,-1.9,1.0,-0.9,0.5
271,200,Didier Ilunga-Mbenga,C,28,LAL,23,181,13.9,.504,.018,.140,5.7,13.6,9.7,7.2,2.8,10.2,17.7,17.8,,-0.1,0.4,0.3,.091,,-4.8,6.0,1.2,0.1
281,207,Jerome James,C,33,NYK,2,10,12.5,.375,.000,.000,10.6,22.6,16.4,0.0,5.0,7.3,11.1,39.2,,-0.1,0.0,0.0,-0.162,,-14.3,-3.1,-17.4,0.0
289,213,Al Jefferson,C,24,MIN,50,1836,23.1,.532,.004,.258,10.6,24.9,17.5,8.8,1.1,3.5,7.8,28.9,,2.9,2.0,4.9,.128,,0.6,0.1,0.7,1.2
307,228,Solomon Jones,C,24,ATL,63,675,12.0,.655,.018,.667,9.1,15.6,12.3,3.4,0.6,3.9,15.8,11.8,,1.2,0.7,1.9,.138,,-2.0,0.6,-1.4,0.1
308,229,DeAndre Jordan,C,20,LAC,53,771,14.1,.585,.000,.741,10.5,25.5,17.8,2.3,0.7,5.7,17.4,13.9,,0.4,0.9,1.3,.079,,-4.7,0.6,-4.0,-0.4
309,230,Chris Kaman,C,26,LAC,31,921,14.4,.552,.000,.246,9.1,22.2,15.5,8.8,1.0,3.6,19.9,20.9,,-0.3,0.8,0.6,.030,,-3.5,1.0,-2.5,-0.1
317,238,Kosta Koufos,C,19,UTA,48,565,15.2,.540,.000,.276,10.6,18.6,14.6,5.7,1.1,4.3,11.1,18.5,,0.6,0.7,1.3,.112,,-2.3,0.7,-1.6,0.1
318,239,Nenad Krstić,C,25,OKC,46,1141,13.6,.504,.000,.194,8.4,17.2,12.8,4.3,0.9,3.2,9.2,18.9,,0.6,1.1,1.7,.070,,-3.1,-0.3,-3.4,-0.4
324,244,David Lee,C,25,NYK,81,2824,19.0,.590,.003,.347,9.6,27.9,18.4,10.1,1.4,0.6,12.0,19.2,,5.9,3.1,9.0,.154,,0.4,1.1,1.5,2.5
329,247,Brook Lopez,C,20,NJN,82,2501,17.9,.568,.002,.257,10.6,21.2,15.8,6.2,0.9,4.9,13.5,20.3,,3.2,2.7,5.8,.112,,-1.2,1.2,0.0,1.2
330,248,Robin Lopez,C,20,PHO,60,614,11.6,.566,.007,.496,10.3,12.1,11.2,1.8,0.9,4.9,14.4,14.0,,0.6,0.4,1.1,.083,,-2.1,-0.2,-2.3,0.0
331,249,Kevin Love,C,20,MIN,81,2048,18.3,.538,.028,.488,15.1,27.3,21.0,6.8,0.9,1.9,12.4,21.0,,3.4,1.9,5.3,.124,,-0.7,-0.4,-1.1,0.5
338,252,Mark Madsen,C,33,MIN,19,116,-0.1,.190,.000,.286,9.7,8.4,9.1,4.7,0.5,0.7,16.0,7.3,,-0.2,0.0,-0.1,-0.061,,-6.4,-0.1,-6.4,-0.1
340,254,Jamaal Magloire,C,30,MIA,55,709,10.6,.505,.000,.458,13.7,23.8,18.7,4.6,0.8,2.9,16.9,12.5,,0.4,0.9,1.3,.089,,-4.1,0.6,-3.4,-0.3
345,257,Sean Marks,C,33,NOH,60,838,8.8,.521,.061,.267,9.0,18.0,13.5,2.6,0.5,3.3,16.0,12.6,,0.2,1.0,1.2,.067,,-4.5,0.4,-4.1,-0.5
353,264,Jason Maxiell,C,25,DET,78,1408,15.8,.580,.003,.494,14.0,13.2,13.7,2.8,1.0,3.5,10.4,14.7,,2.6,1.5,4.1,.141,,-0.3,0.4,0.1,0.7
361,270,JaVale McGee,C,21,WAS,75,1143,17.0,.534,.000,.419,12.0,18.4,15.1,3.4,1.5,5.4,11.7,20.7,,1.1,0.9,2.0,.084,,-2.5,-0.6,-3.1,-0.3
368,275,Chris Mihm,C,29,LAL,18,105,10.0,.418,.000,.175,16.4,20.2,18.3,13.7,0.5,4.4,18.8,22.2,,-0.1,0.2,0.1,.026,,-4.9,1.2,-3.7,0.0
371,278,Darko Miličić,C,23,MEM,61,1034,13.8,.533,.000,.395,9.7,21.8,15.7,5.6,1.1,4.0,13.3,16.3,,0.7,1.2,1.9,.088,,-3.0,0.8,-2.2,0.0
373,280,Brad Miller,C,32,TOT,70,2100,16.7,.566,.091,.443,8.3,21.9,15.0,17.9,1.3,1.3,15.1,18.4,,3.6,1.5,5.1,.117,,0.6,0.6,1.2,1.7
374,280,Brad Miller,C,32,SAC,43,1354,15.7,.562,.111,.402,7.1,22.7,14.8,17.8,1.1,1.3,15.4,17.9,,1.9,0.6,2.6,.091,,0.0,0.3,0.3,0.8
375,280,Brad Miller,C,32,CHI,27,746,18.6,.574,.058,.513,10.3,20.5,15.4,18.0,1.5,1.2,14.5,19.4,,1.7,0.9,2.6,.165,,1.7,1.1,2.8,0.9
379,283,Yao Ming*,C,28,HOU,77,2589,22.7,.618,.001,.426,9.6,24.1,17.1,10.0,0.6,4.2,16.0,26.2,,5.6,5.0,10.6,.196,,0.6,2.4,3.0,3.3
381,285,Nazr Mohammed,C,31,CHA,39,341,7.7,.438,.000,.396,12.8,15.9,14.3,3.9,0.8,3.9,16.2,19.6,,-0.4,0.5,0.0,.004,,-6.4,-0.1,-6.5,-0.4
387,287,Mikki Moore,C,33,BOS,24,456,9.3,.621,.000,.224,8.7,19.1,14.1,8.3,0.5,0.9,18.4,11.7,,0.6,0.7,1.3,.135,,-1.3,1.3,0.1,0.2
388,288,Randolph Morris,C,23,ATL,23,89,1.8,.480,.000,.235,5.3,21.0,13.2,3.3,1.2,0.9,27.2,13.6,,-0.1,0.1,0.0,-0.013,,-8.0,-0.5,-8.5,-0.1
395,293,Dikembe Mutombo*,C,42,HOU,9,96,10.8,.472,.000,.692,15.2,24.5,20.0,0.0,0.0,8.3,26.1,11.1,,0.0,0.2,0.2,.088,,-7.7,1.0,-6.7,-0.1
400,298,Rasho Nesterović,C,32,IND,70,1214,14.1,.524,.002,.073,8.4,13.5,10.9,14.3,1.2,2.3,12.3,18.5,,1.1,1.1,2.2,.086,,-1.1,0.4,-0.8,0.4
404,300,Joakim Noah,C,23,CHI,80,1938,16.5,.594,.003,.489,14.5,21.3,17.9,8.1,1.3,4.1,15.4,12.3,,3.8,2.7,6.4,.159,,0.5,2.8,3.4,2.6
411,304,Patrick O'Bryant,C,22,TOT,39,255,11.8,.544,.024,.238,6.3,24.2,15.5,7.1,1.2,5.9,19.2,20.9,,-0.2,0.5,0.3,.056,,-5.3,2.2,-3.1,-0.1
412,304,Patrick O'Bryant,C,22,BOS,26,108,9.5,.551,.000,.387,8.3,29.1,19.1,11.8,1.5,5.9,31.9,23.0,,-0.2,0.3,0.1,.025,,-7.4,4.3,-3.0,0.0
413,304,Patrick O'Bryant,C,22,TOR,13,147,13.5,.540,.038,.151,4.8,20.6,12.8,3.6,1.1,5.8,8.1,19.3,,0.0,0.2,0.2,.079,,-3.9,0.7,-3.2,0.0
414,305,Jermaine O'Neal,C,30,TOT,68,2027,15.4,.522,.001,.288,7.4,17.8,12.6,10.3,0.8,5.3,14.2,23.2,,0.2,2.3,2.6,.060,,-2.8,1.7,-1.1,0.5
415,305,Jermaine O'Neal,C,30,TOR,41,1216,15.4,.526,.002,.305,6.9,20.7,13.9,9.3,0.8,5.2,14.9,23.5,,-0.1,1.4,1.4,.055,,-3.0,1.9,-1.1,0.3
416,305,Jermaine O'Neal,C,30,MIA,27,811,15.5,.514,.000,.262,8.0,13.4,10.7,11.7,0.7,5.4,13.3,22.7,,0.3,0.9,1.2,.069,,-2.6,1.5,-1.1,0.2
417,306,Shaquille O'Neal*,C,36,PHO,75,2252,22.3,.623,.001,.617,10.1,22.3,16.4,8.9,1.1,3.5,13.6,24.2,,5.6,2.2,7.8,.166,,1.7,0.3,2.0,2.3
418,307,Fabricio Oberto,C,33,SAS,54,677,10.6,.595,.010,.337,11.6,13.4,12.5,12.9,0.6,1.2,24.1,11.3,,0.8,0.8,1.7,.119,,-1.7,1.6,-0.1,0.3
419,308,Greg Oden,C,21,POR,61,1314,18.1,.599,.000,.644,15.7,24.5,20.0,3.9,1.1,4.2,16.2,19.3,,2.6,2.0,4.6,.167,,-0.2,0.9,0.8,0.9
421,310,Emeka Okafor,C,26,CHA,82,2691,18.0,.581,.000,.478,12.7,25.2,19.0,3.5,1.0,4.2,13.4,18.9,,3.7,4.6,8.2,.147,,-1.4,1.4,0.0,1.4
422,311,Mehmet Okur,C,29,UTA,72,2409,17.5,.592,.227,.376,6.1,21.5,13.8,8.1,1.2,1.7,11.3,21.7,,4.5,2.9,7.4,.148,,1.2,0.2,1.4,2.1
425,314,Zaza Pachulia,C,24,ATL,77,1473,14.1,.571,.009,.719,13.8,20.9,17.4,6.0,1.3,1.4,17.8,16.3,,2.0,1.9,3.9,.127,,-1.5,0.2,-1.3,0.2
430,319,Oleksiy Pecherov,C,23,WAS,32,277,14.5,.510,.426,.287,14.4,17.9,16.1,1.2,1.1,0.9,8.1,20.3,,0.4,0.1,0.5,.080,,-0.8,-5.8,-6.6,-0.3
431,320,Kendrick Perkins,C,24,BOS,76,2253,13.2,.591,.004,.335,11.5,21.4,16.7,6.5,0.5,5.3,23.1,14.8,,1.1,4.5,5.6,.119,,-1.9,4.1,2.2,2.4
434,322,Johan Petro,C,23,TOT,49,559,8.1,.429,.011,.165,8.7,23.9,16.3,4.5,1.7,2.0,12.9,17.2,,-0.6,0.8,0.2,.018,,-6.1,-0.1,-6.3,-0.6
435,322,Johan Petro,C,23,OKC,22,342,9.3,.426,.009,.133,8.9,23.3,16.0,2.8,2.4,1.1,11.1,17.4,,-0.3,0.5,0.1,.019,,-6.0,-0.6,-6.6,-0.4
436,322,Johan Petro,C,23,DEN,27,217,6.4,.434,.016,.222,8.3,25.0,16.9,7.1,0.7,3.6,15.8,16.9,,-0.2,0.3,0.1,.017,,-6.3,0.7,-5.6,-0.2
445,331,Joel Przybilla,C,29,POR,82,1952,15.4,.652,.004,.628,12.8,33.1,22.8,2.0,1.0,3.9,18.5,10.2,,3.2,3.4,6.6,.163,,-1.4,1.9,0.4,1.2
453,336,Zach Randolph,C,27,NYK,11,388,19.8,.517,.127,.354,10.9,28.3,19.3,6.6,1.7,0.6,9.5,27.1,,0.4,0.5,0.9,.108,,-1.5,-1.6,-3.0,-0.1
455,337,Theo Ratliff,C,35,PHI,46,579,11.2,.560,.000,.547,9.4,17.1,13.2,2.2,1.6,6.6,15.0,7.4,,0.5,0.9,1.4,.115,,-2.9,3.9,1.0,0.4
483,356,Cheikh Samb,C,24,TOT,18,83,5.3,.214,.094,.219,13.6,19.5,16.7,1.7,1.9,9.1,7.9,20.6,,-0.4,0.1,-0.2,-0.144,,-12.4,0.3,-12.1,-0.2
484,356,Cheikh Samb,C,24,DEN,6,24,2.9,.154,.077,.000,10.0,32.9,21.8,6.0,4.2,16.1,13.3,27.8,,-0.2,0.1,-0.1,-0.246,,-17.6,8.7,-8.9,0.0
485,356,Cheikh Samb,C,24,LAC,10,51,9.2,.302,.125,.313,15.4,14.0,14.7,0.0,1.0,7.3,5.2,17.2,,-0.1,0.0,0.0,-0.046,,-8.8,-2.4,-11.2,-0.1
486,356,Cheikh Samb,C,24,NYK,2,8,-12.6,.000,.000,.667,13.2,14.2,13.7,0.0,0.0,0.0,0.0,21.1,,-0.1,0.0,-0.1,-0.458,,-19.5,-7.7,-27.2,-0.1
487,357,Brian Scalabrine,C,30,BOS,39,504,7.4,.558,.535,.158,1.8,9.9,6.0,5.3,0.7,1.6,9.0,12.4,,0.4,0.7,1.1,.105,,-1.4,0.0,-1.4,0.1
492,360,Mouhamed Sene,C,22,TOT,6,29,32.9,.746,.000,1.111,19.0,35.9,27.3,0.0,1.8,7.6,23.0,26.5,,0.1,0.1,0.2,.274,,-2.9,-3.9,-6.7,0.0
493,360,Mouhamed Sene,C,22,OKC,5,23,33.2,.776,.000,1.286,14.8,30.6,22.5,0.0,2.2,6.4,21.5,26.8,,0.1,0.0,0.1,.292,,-1.4,-3.8,-5.2,0.0
494,360,Mouhamed Sene,C,22,NYK,1,6,32.0,.615,.000,.500,35.3,56.6,45.6,0.0,0.0,12.2,29.1,25.0,,0.0,0.0,0.0,.207,,-8.4,-4.1,-12.4,0.0
502,365,Courtney Sims,C,25,TOT,2,13,12.8,.500,.000,.000,16.3,17.4,16.8,0.0,0.0,0.0,14.3,23.5,,0.0,0.0,0.0,-0.013,,-6.7,-8.2,-14.9,0.0
503,365,Courtney Sims,C,25,PHO,1,2,-26.0,,,,0.0,0.0,0.0,0.0,0.0,0.0,100.0,22.0,,0.0,0.0,0.0,-0.735,,-25.1,-0.2,-25.2,0.0
504,365,Courtney Sims,C,25,NYK,1,11,19.8,.500,.000,.000,19.3,20.6,19.9,0.0,0.0,0.0,0.0,23.7,,0.0,0.0,0.0,.118,,-3.4,-9.7,-13.0,0.0
512,371,Joe Smith,C,33,TOT,57,1102,13.8,.507,.021,.246,9.5,18.3,13.9,6.0,0.8,2.7,6.3,16.2,,1.4,1.4,2.7,.118,,-2.2,0.3,-1.9,0.0
513,371,Joe Smith,C,33,OKC,36,691,13.2,.492,.018,.248,8.7,18.6,13.6,5.9,0.7,2.8,5.8,16.4,,0.6,0.6,1.3,.088,,-2.7,-0.3,-3.0,-0.2
514,371,Joe Smith,C,33,CLE,21,411,14.8,.534,.026,.243,10.8,17.8,14.5,6.2,0.9,2.7,7.3,15.8,,0.7,0.7,1.4,.168,,-1.3,1.2,-0.1,0.2
519,374,Darius Songaila,C,30,WAS,77,1521,13.9,.570,.002,.197,5.6,12.1,8.8,10.3,2.2,1.1,13.0,17.1,,1.8,0.7,2.4,.076,,-0.8,-0.7,-1.5,0.2
520,375,Marreese Speights,C,21,PHI,79,1263,17.9,.543,.016,.263,11.6,16.3,13.9,4.2,1.1,3.6,7.6,21.9,,2.4,1.5,3.8,.146,,-0.7,-1.0,-1.7,0.1
527,381,Robert Swift,C,23,OKC,26,343,11.5,.551,.000,.225,6.9,23.2,14.9,4.0,0.7,3.7,9.3,11.1,,0.3,0.4,0.7,.104,,-3.9,0.8,-3.1,-0.1
535,387,Etan Thomas,C,30,WAS,26,306,10.1,.525,.000,.348,9.3,16.2,12.7,3.0,0.5,4.8,19.1,14.0,,0.0,0.1,0.1,.018,,-4.7,-0.5,-5.2,-0.3
547,396,Ronny Turiaf,C,26,GSW,79,1696,14.5,.559,.008,.339,5.7,17.4,11.6,13.9,1.0,6.9,14.3,12.4,,2.2,1.4,3.6,.101,,-1.5,3.1,1.7,1.6
556,404,Jake Voskuhl,C,31,TOR,38,240,0.4,.342,.000,.311,10.4,18.4,14.4,4.6,0.7,1.3,24.9,13.1,,-0.5,0.2,-0.3,-0.064,,-7.7,-0.2,-7.9,-0.4
563,411,Rasheed Wallace,C,34,DET,66,2123,14.9,.520,.443,.140,3.1,24.6,13.7,7.1,1.6,3.1,7.2,18.5,,1.6,3.4,5.1,.114,,-0.3,1.7,1.4,1.8
578,425,Chris Wilcox,C,26,TOT,62,1049,13.3,.518,.011,.378,10.2,20.0,15.0,7.6,1.3,1.1,14.8,21.3,,0.1,1.0,1.1,.048,,-3.2,-0.9,-4.1,-0.6
579,425,Chris Wilcox,C,26,OKC,37,719,13.4,.509,.011,.325,10.2,21.2,15.6,8.0,1.3,1.1,15.2,22.2,,-0.1,0.7,0.6,.039,,-3.3,-0.9,-4.2,-0.4
580,425,Chris Wilcox,C,26,NYK,25,330,13.2,.539,.010,.520,10.0,17.5,13.6,6.7,1.2,1.1,13.8,19.2,,0.2,0.3,0.5,.070,,-2.9,-0.9,-3.8,-0.2
600,442,Lorenzen Wright,C,33,CLE,17,125,4.0,.377,.000,.296,6.9,16.5,11.9,3.5,1.7,3.2,22.8,14.9,,-0.3,0.2,-0.1,-0.022,,-8.4,2.0,-6.4,-0.1
