,Rk,Player,Pos,Age,Tm,G,MP,PER,TS%,3PAr,FTr,ORB%,DRB%,TRB%,AST%,STL%,BLK%,TOV%,USG%,Unnamed: 19,OWS,DWS,WS,WS/48,Unnamed: 24,OBPM,DBPM,BPM,VORP
1,2,Alexis Ajinça,C,21,CHA,6,30,6.3,.479,.000,.100,4.1,11.8,8.0,0.0,1.8,2.7,16.1,19.3,,-0.1,0.0,0.0,-0.013,,-8.5,-2.0,-10.4,-0.1
12,11,David Andersen,C,29,HOU,63,891,12.1,.497,.229,.197,6.7,20.6,13.4,8.1,0.9,1.0,9.1,20.2,,0.4,0.9,1.3,.070,,-2.5,-1.3,-3.8,-0.4
16,15,Joel Anthony,C,27,MIA,80,1322,10.2,.546,.000,.579,11.0,11.1,11.1,1.3,0.8,6.7,18.4,8.7,,1.0,2.0,3.1,.111,,-3.1,3.5,0.4,0.8
21,18,Hilton Armstrong,C,25,SAC,6,56,8.4,.388,.000,.167,10.1,18.6,14.3,5.0,1.8,5.2,23.7,13.3,,-0.1,0.1,0.0,-0.012,,-6.8,2.7,-4.2,0.0
22,18,Hilton Armstrong,C,25,HOU,9,40,1.1,.280,.059,.118,13.8,3.0,8.6,11.5,6.4,0.0,21.9,25.3,,-0.2,0.1,-0.2,-0.185,,-8.2,2.1,-6.1,0.0
28,23,Jeff Ayres,C,22,POR,39,405,12.1,.705,.000,.308,7.6,22.5,15.0,0.4,0.9,3.2,14.0,10.1,,0.8,0.6,1.3,.156,,-2.5,-0.4,-2.9,-0.1
36,31,Earl Barron,C,28,NYK,7,232,14.7,.508,.000,.426,14.9,22.9,18.9,5.2,0.9,1.3,12.0,17.9,,0.3,0.2,0.4,.091,,-2.5,-1.4,-3.8,-0.1
38,33,Tony Battie,C,33,NJN,15,134,6.1,.405,.100,.250,3.3,17.1,9.9,3.7,1.6,1.1,6.3,16.2,,-0.1,0.1,0.0,-0.014,,-6.7,-1.8,-8.4,-0.2
52,44,Andris Biedriņš,C,23,GSW,33,763,13.0,.561,.000,.182,9.1,29.0,18.9,10.1,1.3,4.1,17.8,10.1,,0.7,0.9,1.6,.101,,-2.3,3.0,0.7,0.5
60,50,Andrew Bogut,C,25,MIL,69,2229,20.7,.540,.002,.260,10.1,26.4,17.9,10.3,0.9,6.2,11.4,23.3,,2.6,4.8,7.5,.161,,-0.9,4.3,3.4,3.0
64,54,Chris Bosh,C,25,TOR,70,2526,25.0,.592,.019,.509,9.9,25.2,17.7,11.5,0.9,2.1,10.7,28.7,,7.9,1.7,9.6,.182,,3.0,-0.7,2.3,2.7
72,60,Primož Brezec,C,30,TOT,21,95,4.9,.332,.000,.231,14.2,16.3,15.2,1.6,0.6,2.5,6.5,14.6,,-0.1,0.1,0.0,-0.007,,-7.2,-2.4,-9.5,-0.2
73,60,Primož Brezec,C,30,PHI,7,36,0.4,.180,.000,.154,19.4,20.0,19.6,0.0,1.5,2.2,0.0,17.6,,-0.1,0.0,-0.1,-0.113,,-10.7,-6.0,-16.7,-0.1
74,60,Primož Brezec,C,30,MIL,14,59,7.6,.474,.000,.308,11.0,14.2,12.5,2.6,0.0,2.7,11.9,12.9,,0.0,0.1,0.1,.057,,-5.0,-0.2,-5.2,0.0
85,66,Kwame Brown,C,27,DET,48,660,7.9,.470,.008,.790,9.1,24.3,16.2,5.1,1.2,1.5,20.5,14.7,,-0.6,0.5,-0.1,-0.009,,-5.3,-0.3,-5.6,-0.6
93,72,Andrew Bynum,C,22,LAL,65,1977,20.2,.608,.001,.379,10.1,20.4,15.3,5.8,0.9,3.6,12.5,20.8,,4.4,3.4,7.8,.188,,0.2,1.3,1.4,1.7
98,75,Marcus Camby,C,35,POR,23,718,17.0,.511,.007,.214,14.2,29.9,22.0,7.5,2.0,5.2,14.5,12.3,,0.8,1.5,2.3,.152,,-0.9,5.3,4.5,1.2
108,84,Tyson Chandler,C,27,CHA,51,1163,12.5,.643,.000,.826,12.0,21.0,16.6,2.2,0.8,3.9,26.0,14.0,,0.9,2.0,2.9,.120,,-3.2,1.6,-1.6,0.1
111,87,Jarron Collins,C,31,PHO,34,261,3.7,.405,.000,.806,10.1,16.4,13.4,2.9,0.4,0.8,19.2,8.8,,-0.1,0.1,0.1,.010,,-3.9,-0.3,-4.2,-0.1
112,88,Jason Collins,C,31,ATL,24,115,0.9,.335,.043,.087,5.0,9.2,7.1,4.8,1.4,1.3,17.3,11.6,,-0.2,0.1,-0.1,-0.044,,-6.7,0.0,-6.7,-0.1
115,91,Nick Collison,C,29,OKC,75,1557,13.1,.616,.013,.346,11.5,16.7,14.2,3.7,1.2,2.3,15.0,12.1,,2.6,2.2,4.7,.146,,-0.6,1.2,0.6,1.0
122,98,Eddy Curry,C,27,NYK,7,62,-1.9,.456,.000,.810,7.2,16.8,11.9,0.0,0.0,1.2,31.3,30.2,,-0.4,0.0,-0.3,-0.258,,-15.7,-7.3,-23.0,-0.3
126,101,Samuel Dalembert,C,28,PHI,82,2124,16.8,.573,.000,.254,13.1,30.7,21.8,4.7,1.0,5.6,17.5,15.1,,2.3,3.0,5.2,.118,,-2.3,1.9,-0.4,0.9
127,102,Erick Dampier,C,34,DAL,55,1280,14.0,.637,.014,.474,11.6,24.1,17.9,3.5,0.6,4.5,19.2,11.4,,1.8,2.0,3.7,.140,,-1.7,2.4,0.7,0.9
142,115,DeSagana Diop,C,28,CHA,27,262,7.8,.485,.000,.310,11.2,18.5,15.0,2.9,1.0,4.4,26.7,8.0,,-0.1,0.5,0.4,.072,,-5.0,3.0,-2.0,0.0
153,123,Tim Duncan,C,33,SAS,78,2438,24.7,.560,.010,.346,10.8,26.8,18.9,17.8,1.0,3.5,10.1,26.0,,6.4,4.5,10.9,.215,,2.4,3.2,5.6,4.7
158,128,Francisco Elson,C,33,TOT,12,66,5.5,.349,.000,.333,10.0,14.5,12.1,4.3,0.8,0.0,5.5,12.5,,0.0,0.1,0.0,.022,,-6.0,-0.8,-6.8,-0.1
159,128,Francisco Elson,C,33,MIL,11,62,5.4,.360,.000,.154,8.7,15.4,11.9,4.6,0.8,0.0,6.7,10.9,,0.0,0.1,0.1,.044,,-5.8,0.1,-5.8,-0.1
160,128,Francisco Elson,C,33,PHI,1,4,6.3,.301,.000,1.500,29.0,0.0,14.7,0.0,0.0,0.0,0.0,37.8,,0.0,0.0,0.0,-0.326,,-9.0,-14.5,-23.5,0.0
167,135,Kyrylo Fesenko,C,23,UTA,49,408,9.7,.533,.011,.600,9.8,16.1,13.1,5.3,0.8,3.7,16.7,15.8,,0.1,0.5,0.6,.070,,-3.6,0.6,-2.9,-0.1
174,140,Jeff Foster,C,33,IND,16,255,9.6,.490,.022,.196,14.4,20.3,17.3,12.1,0.6,1.1,21.9,11.1,,0.2,0.3,0.4,.085,,-2.6,1.3,-1.3,0.0
177,142,Channing Frye,C,26,PHO,81,2190,15.0,.598,.558,.172,3.6,17.6,11.0,7.4,1.5,2.4,8.8,16.7,,4.3,2.2,6.4,.141,,2.8,0.9,3.7,3.2
178,143,Dan Gadzuric,C,31,MIL,32,314,10.5,.440,.000,.281,13.1,20.5,16.6,6.0,1.5,3.3,13.0,16.6,,-0.1,0.6,0.5,.077,,-4.5,2.2,-2.4,0.0
183,148,Marc Gasol,C,25,MEM,69,2469,19.3,.617,.002,.578,9.8,20.5,15.1,10.2,1.4,3.4,14.2,16.9,,5.9,2.5,8.4,.164,,2.1,2.3,4.3,3.9
184,149,Pau Gasol,C,29,LAL,65,2403,22.9,.593,.006,.429,11.4,22.7,17.1,15.0,0.8,3.5,12.5,21.4,,6.8,4.2,11.0,.220,,2.4,3.0,5.4,4.5
197,159,Drew Gooden,C,28,DAL,46,1030,16.1,.528,.018,.342,13.9,21.2,17.6,4.0,1.3,3.6,12.7,19.8,,1.1,1.6,2.7,.125,,-2.1,0.7,-1.3,0.2
202,162,Marcin Gortat,C,25,ORL,81,1088,13.9,.563,.013,.330,11.5,24.3,18.1,2.4,0.8,4.8,15.0,13.0,,1.2,2.2,3.4,.151,,-3.0,2.5,-0.5,0.4
206,166,Aaron Gray,C,25,TOT,32,311,16.6,.551,.000,.341,16.7,23.1,19.8,10.6,1.5,2.7,16.0,16.4,,0.5,0.4,0.9,.142,,-0.6,1.3,0.7,0.2
207,166,Aaron Gray,C,25,CHI,8,50,7.0,.374,.000,.333,11.3,24.1,17.8,6.5,0.0,0.0,4.0,22.5,,-0.1,0.1,0.0,-0.013,,-6.6,-3.7,-10.2,-0.1
208,166,Aaron Gray,C,25,NOH,24,261,18.4,.612,.000,.344,17.7,22.9,20.2,11.4,1.8,3.2,19.5,15.3,,0.6,0.3,0.9,.172,,0.5,2.2,2.8,0.3
214,172,Hamed Haddadi,C,24,MEM,36,240,7.2,.441,.048,.306,12.6,23.9,18.2,5.9,0.2,4.4,22.1,16.5,,-0.2,0.2,0.0,-0.002,,-5.7,0.1,-5.6,-0.2
231,184,Spencer Hawes,C,21,SAC,72,1904,13.8,.507,.131,.159,8.6,17.7,13.1,13.2,0.9,3.2,15.5,19.6,,0.5,1.6,2.1,.054,,-1.4,1.1,-0.3,0.8
232,185,Chuck Hayes,C,26,HOU,82,1773,11.7,.500,.000,.201,9.4,21.1,15.0,11.4,2.1,1.8,17.1,10.8,,1.2,2.4,3.6,.098,,-2.1,3.3,1.2,1.4
234,187,Brendan Haywood,C,30,TOT,77,2355,16.1,.588,.002,.499,13.5,21.5,17.5,2.8,0.6,5.1,14.2,13.5,,3.7,3.0,6.7,.137,,-1.0,1.8,0.7,1.6
235,187,Brendan Haywood,C,30,WAS,49,1614,16.2,.591,.000,.472,14.1,22.2,18.1,1.7,0.6,4.8,14.2,13.2,,2.6,1.9,4.5,.133,,-1.0,1.2,0.2,0.9
236,187,Brendan Haywood,C,30,DAL,28,741,16.1,.582,.006,.558,12.2,19.9,16.1,5.0,0.6,5.8,14.1,14.0,,1.1,1.1,2.2,.144,,-1.1,3.0,1.9,0.7
239,190,Roy Hibbert,C,23,IND,81,2035,16.2,.537,.008,.286,9.4,15.5,12.4,13.5,0.7,4.6,14.1,22.2,,1.6,2.5,4.1,.098,,-1.4,1.8,0.3,1.2
241,192,Nenê Hilário,C,27,DEN,82,2755,18.9,.631,.003,.580,7.0,19.1,13.1,11.6,2.1,2.2,12.2,16.5,,7.1,3.7,10.8,.188,,2.1,2.5,4.7,4.6
249,198,Ryan Hollins,C,25,MIN,73,1223,11.0,.600,.003,.521,7.1,11.9,9.5,6.4,0.8,2.3,20.3,16.6,,0.8,0.5,1.2,.048,,-2.6,-0.7,-3.3,-0.4
250,199,Al Horford,C,23,ATL,81,2845,19.4,.594,.001,.319,9.6,23.3,16.4,10.4,1.1,2.4,11.2,17.6,,6.9,3.9,10.9,.183,,1.5,1.9,3.3,3.8
255,201,Dwight Howard,C,24,ORL,82,2843,24.0,.630,.008,.978,12.0,31.3,22.0,8.7,1.4,6.0,18.7,23.9,,6.1,7.1,13.2,.223,,0.4,5.0,5.5,5.4
259,203,Juwan Howard,C,36,POR,73,1632,10.0,.538,.003,.187,8.1,17.3,12.7,5.9,0.9,0.5,15.1,13.9,,1.1,1.6,2.6,.077,,-2.1,0.3,-1.7,0.1
269,207,Chris Hunter,C,25,GSW,60,783,12.2,.546,.018,.318,7.9,16.0,11.9,6.7,0.8,3.2,10.8,15.2,,0.9,0.4,1.3,.080,,-2.5,-0.6,-3.1,-0.2
272,210,Steven Hunter,C,28,MEM,21,158,11.6,.450,.000,.837,13.3,17.8,15.5,0.0,0.3,4.8,13.3,18.8,,-0.1,0.1,0.1,.018,,-6.6,-4.2,-10.9,-0.4
275,213,Zydrunas Ilgauskas,C,34,CLE,64,1339,11.9,.491,.053,.231,10.7,19.6,15.3,5.6,0.5,2.9,11.6,19.0,,0.5,2.0,2.5,.088,,-3.3,0.2,-3.2,-0.4
276,214,Didier Ilunga-Mbenga,C,29,LAL,49,355,11.6,.471,.000,.184,10.2,17.2,13.7,3.4,0.7,6.2,11.9,16.0,,0.0,0.6,0.6,.084,,-5.1,1.7,-3.4,-0.1
301,225,Nathan Jawai,C,23,MIN,39,412,11.0,.485,.009,.342,13.1,15.2,14.1,8.7,1.2,1.6,17.5,16.3,,0.0,0.2,0.3,.031,,-3.0,-0.5,-3.5,-0.2
303,227,Al Jefferson,C,25,MIN,76,2463,19.0,.524,.004,.236,8.0,24.2,16.0,10.0,1.3,3.0,9.9,24.3,,2.3,2.3,4.6,.090,,-0.9,0.5,-0.4,1.0
318,240,Solomon Jones,C,25,IND,52,675,9.9,.499,.017,.403,8.2,15.1,11.6,7.3,1.0,3.9,16.2,16.1,,0.0,0.8,0.8,.058,,-4.5,1.4,-3.1,-0.2
320,241,DeAndre Jordan,C,21,LAC,70,1137,12.7,.571,.008,.538,12.4,23.6,17.9,2.9,0.7,4.0,20.3,14.7,,0.2,1.2,1.5,.061,,-3.9,0.3,-3.7,-0.5
321,242,Chris Kaman,C,27,LAC,76,2608,16.5,.527,.005,.255,8.1,23.2,15.6,8.6,0.7,2.7,14.3,27.1,,0.0,2.4,2.4,.044,,-2.8,-0.4,-3.2,-0.8
329,248,Kosta Koufos,C,20,UTA,36,172,7.7,.494,.000,.319,11.3,19.4,15.5,5.1,0.6,1.9,21.9,17.9,,-0.2,0.2,0.0,.014,,-5.7,-0.9,-6.6,-0.2
330,249,Nenad Krstić,C,26,OKC,76,1741,13.7,.527,.009,.189,9.1,16.0,12.6,4.9,0.9,1.9,8.7,17.1,,2.0,2.2,4.2,.116,,-1.7,0.0,-1.7,0.1
344,256,David Lee,C,26,NYK,81,3019,22.2,.584,.006,.262,8.4,27.6,17.9,17.5,1.4,1.0,11.9,23.8,,7.4,2.9,10.3,.163,,1.9,1.0,2.9,3.7
349,259,Brook Lopez,C,21,NJN,82,3027,20.1,.570,.002,.451,9.9,17.5,13.5,11.8,1.0,3.4,13.1,23.6,,5.5,2.4,7.9,.125,,1.1,0.8,1.9,3.0
350,260,Robin Lopez,C,21,PHO,51,986,17.6,.621,.000,.430,12.6,15.6,14.2,1.1,0.5,3.8,10.6,17.3,,2.5,0.8,3.2,.158,,0.3,-1.2,-1.0,0.3
355,264,Jamaal Magloire,C,31,MIA,36,359,9.4,.470,.000,1.054,13.5,26.0,19.8,0.4,1.3,2.5,17.2,13.0,,-0.1,0.7,0.6,.078,,-6.1,-0.9,-7.0,-0.5
356,265,Ian Mahinmi,C,23,SAS,26,165,21.6,.667,.000,.855,9.4,27.2,18.5,2.1,1.0,3.5,16.5,25.2,,0.4,0.3,0.7,.206,,-2.3,-1.6,-3.9,-0.1
358,267,Sean Marks,C,34,NOH,14,75,9.0,.490,.000,.625,21.5,14.3,18.0,3.6,0.0,3.0,16.4,7.4,,0.1,0.0,0.2,.104,,-1.4,-0.1,-1.5,0.0
369,274,Jason Maxiell,C,26,DET,76,1550,14.0,.531,.002,.373,11.8,20.0,15.7,4.1,1.3,2.1,12.3,16.4,,1.5,1.1,2.6,.081,,-1.8,-0.6,-2.4,-0.2
370,275,Sean May,C,25,SAC,37,331,11.7,.492,.036,.288,6.8,17.5,12.1,8.1,1.9,1.5,13.2,19.3,,0.0,0.3,0.3,.044,,-3.8,-0.5,-4.3,-0.2
377,280,JaVale McGee,C,22,WAS,60,968,17.0,.539,.003,.378,10.3,18.7,14.5,2.4,0.9,8.0,12.5,19.1,,0.8,1.3,2.1,.105,,-3.2,1.7,-1.5,0.1
385,283,Josh McRoberts,C,22,IND,42,524,14.8,.550,.158,.260,8.3,18.2,13.2,13.5,1.6,2.2,10.5,15.3,,0.8,0.7,1.5,.134,,-0.7,1.4,0.7,0.4
393,287,Darko Miličić,C,24,TOT,32,685,12.8,.497,.005,.137,7.5,17.3,12.3,10.7,1.6,3.7,13.9,16.0,,0.1,0.6,0.7,.050,,-2.6,1.9,-0.7,0.2
394,287,Darko Miličić,C,24,NYK,8,71,12.1,.471,.000,.000,7.9,21.2,14.4,8.4,2.9,1.1,10.5,12.1,,0.0,0.1,0.1,.073,,-3.7,1.3,-2.4,0.0
395,287,Darko Miličić,C,24,MIN,24,614,12.9,.499,.005,.150,7.5,16.9,12.1,11.0,1.5,4.0,14.2,16.4,,0.1,0.5,0.6,.048,,-2.5,2.0,-0.5,0.2
397,289,Brad Miller,C,33,CHI,82,1950,12.9,.530,.227,.379,4.8,17.8,11.4,12.2,1.2,1.1,13.6,18.1,,1.5,2.5,4.0,.098,,-1.3,0.5,-0.8,0.6
401,293,Nazr Mohammed,C,32,CHA,58,984,19.6,.578,.000,.365,14.2,22.9,18.6,5.4,0.8,3.6,11.8,21.3,,1.8,1.8,3.6,.174,,-1.0,0.3,-0.7,0.3
403,295,Mikki Moore,C,34,GSW,23,406,11.2,.606,.000,.122,7.0,12.0,9.5,12.5,0.6,2.3,18.1,12.2,,0.5,0.1,0.6,.071,,-1.5,-0.4,-1.9,0.0
418,305,Rasho Nesterović,C,33,TOR,42,413,16.0,.539,.000,.034,10.9,14.5,12.7,9.9,1.2,3.2,9.6,18.5,,0.6,0.2,0.8,.089,,0.0,-0.4,-0.4,0.2
419,306,Joakim Noah,C,24,CHI,64,1925,17.9,.557,.000,.421,12.9,27.6,20.3,10.8,0.9,4.0,16.0,17.1,,2.7,3.5,6.2,.154,,-0.7,3.3,2.5,2.2
423,310,Patrick O'Bryant,C,23,TOR,11,51,9.9,.539,.067,.400,4.8,20.3,12.7,3.0,2.0,6.0,22.1,20.3,,-0.1,0.1,0.0,-0.009,,-6.0,0.8,-5.2,0.0
424,311,Jermaine O'Neal,C,31,MIA,70,1991,17.9,.563,.003,.302,7.4,21.2,14.3,8.4,0.7,3.9,12.9,22.9,,2.4,3.2,5.6,.135,,-1.4,1.5,0.0,1.0
425,312,Shaquille O'Neal*,C,37,CLE,53,1240,17.9,.565,.002,.488,9.4,24.0,17.0,11.3,0.6,3.9,15.7,25.1,,0.9,2.1,3.1,.119,,-1.9,1.4,-0.5,0.5
426,313,Fabricio Oberto,C,34,WAS,57,650,5.7,.654,.000,.304,5.9,12.8,9.3,11.1,0.9,1.1,36.2,6.9,,0.2,0.4,0.6,.047,,-2.9,0.9,-2.1,0.0
427,314,Greg Oden,C,22,POR,21,502,23.1,.647,.000,.421,15.6,28.3,21.9,6.7,0.9,7.7,17.8,20.7,,1.3,1.0,2.2,.214,,0.6,3.6,4.1,0.8
429,316,Emeka Okafor,C,27,NOH,82,2370,16.5,.547,.000,.418,12.2,24.7,18.4,3.5,1.2,4.1,12.5,17.1,,2.6,2.8,5.5,.111,,-2.1,1.2,-0.9,0.7
430,317,Mehmet Okur,C,30,UTA,73,2149,15.6,.561,.275,.308,7.5,20.6,14.2,8.5,0.9,3.0,12.6,21.0,,2.6,3.0,5.6,.126,,0.1,0.8,0.8,1.5
435,320,Zaza Pachulia,C,25,ATL,78,1089,13.1,.539,.016,.581,12.4,19.0,15.7,5.6,1.8,2.2,15.8,15.5,,1.2,1.5,2.7,.121,,-1.7,0.8,-0.9,0.3
442,326,Oleksiy Pecherov,C,24,MIN,44,447,12.0,.487,.277,.170,7.9,23.4,15.5,4.0,1.0,2.4,13.7,22.8,,-0.3,0.4,0.1,.010,,-4.5,-2.7,-7.1,-0.6
443,327,Kendrick Perkins,C,25,BOS,78,2154,15.0,.613,.006,.536,9.1,24.4,16.9,6.0,0.6,4.8,20.4,17.6,,1.4,3.8,5.2,.117,,-2.5,2.7,0.2,1.2
445,329,Johan Petro,C,24,DEN,36,436,10.7,.553,.010,.208,8.5,25.4,17.1,4.8,1.2,2.2,17.3,13.6,,0.2,0.6,0.8,.089,,-3.5,0.5,-2.9,-0.1
454,338,Joel Przybilla,C,30,POR,30,681,11.2,.567,.000,.593,13.0,30.4,21.6,1.7,0.6,5.1,26.5,10.3,,0.3,1.2,1.4,.101,,-4.1,2.2,-1.9,0.0
460,341,Anthony Randolph,C,20,GSW,33,749,18.7,.521,.016,.440,10.7,21.4,16.0,8.5,1.8,4.9,11.7,23.9,,0.7,0.8,1.5,.098,,-2.2,0.8,-1.4,0.1
465,344,Theo Ratliff,C,36,TOT,49,807,10.3,.511,.000,.329,8.9,14.3,11.6,4.7,0.8,6.0,19.1,12.3,,0.1,1.4,1.4,.084,,-4.0,3.7,-0.4,0.3
466,344,Theo Ratliff,C,36,SAS,21,183,7.8,.450,.000,.111,9.8,15.7,12.8,6.9,0.9,7.1,29.8,13.4,,-0.3,0.3,0.1,.019,,-6.1,4.7,-1.4,0.0
467,344,Theo Ratliff,C,36,CHA,28,624,11.0,.528,.000,.397,8.7,13.9,11.3,4.1,0.8,5.7,15.5,12.0,,0.3,1.0,1.3,.104,,-3.4,3.4,0.0,0.3
506,372,Darius Songaila,C,31,NOH,75,1410,11.6,.522,.012,.152,4.8,14.7,9.7,7.9,2.3,0.8,13.5,19.5,,0.0,1.2,1.3,.044,,-3.1,0.0,-3.1,-0.4
507,373,Marreese Speights,C,22,PHI,62,1016,17.6,.524,.011,.327,9.7,19.7,14.6,6.2,1.5,2.6,9.1,25.1,,1.2,0.9,2.1,.101,,-1.9,-2.0,-3.9,-0.5
527,385,Hasheem Thabeet,C,22,MEM,68,883,12.9,.605,.000,.710,11.2,20.9,16.1,1.7,0.9,7.7,20.0,10.7,,0.8,1.2,2.0,.109,,-2.8,2.4,-0.4,0.4
528,386,Etan Thomas,C,31,OKC,23,321,6.9,.483,.000,.324,6.6,16.0,11.4,0.5,0.6,3.7,18.8,13.4,,-0.2,0.4,0.2,.028,,-6.5,-0.2,-6.7,-0.4
530,388,Kurt Thomas,C,37,MIL,70,1049,9.9,.489,.000,.072,8.7,23.5,15.8,6.7,1.3,3.4,18.3,11.3,,0.0,2.0,2.1,.095,,-4.6,3.8,-0.8,0.3
534,390,Tyrus Thomas,C,23,CHA,25,542,17.1,.499,.009,.395,8.8,24.7,16.9,7.8,2.3,5.6,13.7,25.1,,-0.1,1.3,1.2,.106,,-4.1,3.2,-0.9,0.1
535,391,Jason Thompson,C,23,SAC,75,2357,14.6,.518,.013,.353,10.8,20.3,15.5,8.3,0.9,2.3,13.3,19.6,,1.9,2.0,4.0,.081,,-1.4,0.5,-0.9,0.7
547,397,Ronny Turiaf,C,27,GSW,42,872,12.6,.574,.007,.534,6.8,17.7,12.2,13.8,1.3,4.4,21.4,11.3,,0.8,0.7,1.4,.078,,-2.1,2.5,0.4,0.5
560,407,Ben Wallace,C,35,DET,69,1975,15.8,.526,.007,.548,14.1,23.1,18.3,8.0,2.4,3.6,15.0,10.0,,2.4,2.3,4.7,.115,,-0.1,3.9,3.9,2.9
562,409,Rasheed Wallace,C,35,BOS,79,1780,13.1,.504,.446,.192,3.0,19.0,11.2,7.3,2.4,3.1,8.2,20.2,,0.2,3.4,3.6,.096,,-1.4,1.7,0.3,1.0
