,Rk,Player,Pos,Age,Tm,G,MP,PER,TS%,3PAr,FTr,ORB%,DRB%,TRB%,AST%,STL%,BLK%,TOV%,USG%,Unnamed: 19,OWS,DWS,WS,WS/48,Unnamed: 24,OBPM,DBPM,BPM,VORP
3,4,Alexis Ajinça,C,22,TOT,34,340,12.2,.507,.256,.135,5.9,21.5,13.6,4.8,1.7,4.2,11.3,21.1,,0.0,0.4,0.4,.052,,-3.1,-0.3,-3.4,-0.1
4,4,Alexis Ajinça,C,22,DAL,10,75,12.8,.435,.219,.094,8.1,18.0,13.3,4.3,2.1,5.1,2.9,21.4,,0.0,0.1,0.1,.084,,-3.6,1.5,-2.1,0.0
5,4,Alexis Ajinça,C,22,TOR,24,265,12.0,.530,.267,.149,5.2,22.5,13.6,4.9,1.6,4.0,13.6,21.1,,0.0,0.2,0.2,.042,,-2.9,-0.8,-3.8,-0.1
6,5,Solomon Alabi,C,22,TOR,12,59,2.0,.189,.000,.133,13.7,14.4,14.1,4.6,1.8,2.6,15.9,14.3,,-0.2,0.0,-0.2,-0.142,,-8.2,0.0,-8.2,-0.1
7,6,Cole Aldrich,C,22,OKC,18,142,7.0,.537,.000,.267,11.1,17.5,14.4,4.0,1.8,3.6,32.3,7.9,,0.0,0.2,0.2,.066,,-3.4,2.6,-0.8,0.0
14,13,Chris Andersen,C,32,DEN,45,732,19.0,.636,.007,.985,12.2,22.1,17.3,4.0,1.6,6.0,11.3,13.5,,1.9,1.2,3.2,.207,,0.2,3.1,3.3,1.0
23,18,Joel Anthony,C,28,MIA,75,1463,7.3,.583,.000,.737,9.0,12.4,10.8,2.2,0.4,5.0,21.5,5.3,,1.2,2.1,3.3,.107,,-2.2,3.1,0.9,1.1
29,21,Hilton Armstrong,C,26,TOT,53,488,8.8,.508,.053,.434,9.5,21.6,15.4,4.2,1.9,3.3,23.6,10.9,,-0.1,0.6,0.5,.045,,-4.7,1.5,-3.1,-0.1
30,21,Hilton Armstrong,C,26,WAS,41,412,8.6,.519,.047,.359,10.4,21.5,15.8,3.5,1.9,3.0,25.2,10.6,,-0.1,0.4,0.4,.043,,-4.5,1.2,-3.4,-0.1
31,21,Hilton Armstrong,C,26,ATL,12,76,10.1,.457,.083,.833,4.8,22.0,13.5,7.8,2.1,5.0,15.5,12.1,,-0.1,0.1,0.1,.054,,-5.5,3.5,-2.0,0.0
36,24,Ömer Aşık,C,24,CHI,82,989,11.8,.559,.000,1.028,13.7,22.3,18.1,4.7,1.1,4.3,23.8,12.5,,0.5,2.2,2.7,.130,,-3.5,3.0,-0.5,0.4
45,31,Andrea Bargnani,C,25,TOR,66,2353,16.4,.533,.190,.298,3.6,13.9,8.6,8.8,0.7,1.5,10.3,28.2,,2.2,0.3,2.5,.052,,0.2,-2.9,-2.7,-0.4
47,33,Earl Barron,C,29,TOT,21,305,6.2,.361,.000,.242,12.1,17.2,14.6,5.8,1.4,1.5,12.7,18.9,,-0.6,0.3,-0.2,-0.039,,-6.3,-0.3,-6.6,-0.3
48,33,Earl Barron,C,29,PHO,12,183,1.5,.301,.000,.392,10.1,15.2,12.6,3.0,1.7,1.6,15.5,17.5,,-0.5,0.1,-0.4,-0.106,,-8.3,-0.2,-8.5,-0.3
49,33,Earl Barron,C,29,MIL,7,85,17.3,.475,.000,.054,16.0,14.1,15.1,9.2,1.3,1.9,5.0,22.0,,0.1,0.1,0.2,.130,,-0.7,-0.1,-0.9,0.0
50,33,Earl Barron,C,29,POR,2,37,3.8,.295,.000,.182,12.7,34.6,23.1,12.2,0.0,0.0,20.2,18.8,,-0.1,0.0,-0.1,-0.093,,-9.2,-0.9,-10.1,-0.1
52,35,Tony Battie,C,34,PHI,38,377,9.5,.489,.031,.146,5.2,25.1,15.1,4.8,0.7,3.0,10.5,13.9,,0.0,0.6,0.6,.075,,-5.3,0.8,-4.5,-0.2
70,45,Andris Biedriņš,C,24,GSW,59,1397,12.1,.526,.000,.117,11.5,23.3,17.3,6.0,1.9,2.8,16.9,10.6,,1.1,1.5,2.6,.088,,-2.3,1.9,-0.3,0.6
79,52,Andrew Bogut,C,26,MIL,65,2297,16.7,.496,.005,.292,9.8,27.1,18.3,10.4,1.1,5.8,13.0,19.6,,0.3,5.1,5.4,.112,,-2.6,5.0,2.4,2.6
82,55,Carlos Boozer,C,29,CHI,59,1882,18.8,.542,.000,.289,8.3,26.3,17.6,14.3,1.3,0.7,13.5,26.9,,1.9,3.9,5.8,.149,,-0.7,1.4,0.7,1.3
93,63,Jon Brockman,C,23,MIL,63,677,9.6,.567,.000,.628,12.4,19.4,15.8,4.2,1.1,0.3,16.7,10.0,,0.8,1.0,1.9,.132,,-3.0,0.7,-2.2,0.0
100,66,Kwame Brown,C,28,CHA,66,1714,12.8,.550,.000,.616,10.3,21.6,15.9,4.1,0.8,1.8,12.6,14.9,,1.8,1.7,3.5,.097,,-2.2,-0.1,-2.3,-0.1
108,72,Andrew Bynum,C,23,LAL,54,1500,21.1,.606,.000,.506,13.3,24.7,19.2,7.7,0.7,5.4,12.8,17.6,,3.8,2.8,6.6,.210,,0.5,2.8,3.3,2.0
111,75,Marcus Camby,C,36,POR,59,1540,14.8,.426,.003,.238,13.8,35.2,24.1,11.7,1.4,5.0,16.0,11.7,,0.8,3.0,3.7,.116,,-2.9,5.2,2.3,1.7
112,76,Derrick Caracter,C,22,LAL,41,215,10.0,.532,.000,.348,10.3,12.2,11.3,5.1,1.0,3.5,20.0,20.2,,0.0,0.3,0.3,.057,,-4.5,-0.3,-4.9,-0.2
130,85,Tyson Chandler,C,28,DAL,74,2059,18.4,.697,.000,.725,12.2,26.6,19.7,2.4,0.9,3.0,14.1,14.2,,5.8,3.5,9.4,.218,,0.5,1.7,2.2,2.2
138,89,Jarron Collins,C,32,TOT,28,181,1.6,.374,.000,.476,9.1,6.4,7.9,1.5,1.1,0.4,21.6,8.1,,-0.1,0.1,-0.1,-0.016,,-5.4,-0.8,-6.2,-0.2
139,89,Jarron Collins,C,32,LAC,23,157,1.8,.438,.000,.667,5.3,7.4,6.3,0.9,1.3,0.5,20.5,6.9,,-0.1,0.1,0.0,.000,,-5.5,-0.5,-6.0,-0.2
140,89,Jarron Collins,C,32,POR,5,24,0.0,.167,.000,.000,34.2,0.0,17.8,5.9,0.0,0.0,25.0,15.6,,-0.1,0.0,-0.1,-0.124,,-4.7,-2.7,-7.4,0.0
141,90,Jason Collins,C,32,ATL,49,593,5.4,.539,.014,.577,6.1,14.5,10.4,5.3,0.8,1.2,22.6,9.2,,0.1,0.5,0.6,.049,,-4.4,0.5,-3.9,-0.3
144,93,Nick Collison,C,30,OKC,71,1524,10.8,.600,.000,.302,9.5,14.6,12.1,6.7,1.4,1.5,16.7,9.8,,2.1,1.5,3.6,.113,,-0.3,1.4,1.0,1.2
148,97,Marcus Cousin,C,24,UTA,4,18,7.8,.667,.000,.000,0.0,20.3,10.1,0.0,0.0,4.5,25.0,10.2,,0.0,0.0,0.0,.008,,-7.5,-2.4,-9.9,0.0
149,98,DeMarcus Cousins,C,20,SAC,81,2309,14.6,.484,.018,.400,10.4,24.4,17.2,14.7,1.9,2.1,18.5,27.2,,-1.9,2.9,1.1,.022,,-2.9,1.5,-1.4,0.4
159,103,Samuel Dalembert,C,29,SAC,80,1938,14.1,.509,.004,.261,12.1,26.9,19.3,5.3,0.9,4.3,17.3,17.1,,0.4,2.5,2.9,.072,,-3.6,1.6,-2.0,0.0
160,104,Erick Dampier,C,35,MIA,51,815,9.7,.591,.011,.494,8.2,17.1,12.9,3.8,0.9,4.5,22.8,8.1,,0.5,1.4,1.9,.109,,-2.8,3.0,0.3,0.5
167,109,Glen Davis,C,25,BOS,78,2298,12.8,.499,.019,.331,5.7,16.4,11.4,6.6,1.8,1.0,8.5,20.9,,0.6,4.3,4.9,.102,,-2.8,1.4,-1.4,0.3
174,116,DeSagana Diop,C,29,CHA,16,181,5.4,.347,.000,.458,8.0,18.9,13.4,5.7,1.2,6.7,27.6,10.3,,-0.3,0.3,-0.1,-0.016,,-7.4,4.2,-3.3,-0.1
176,118,Joey Dorsey,C,27,TOR,43,522,14.2,.529,.000,.657,17.5,25.8,21.6,7.4,2.4,2.5,23.4,14.3,,0.2,0.5,0.8,.072,,-1.6,1.6,0.0,0.3
186,125,Tim Duncan,C,34,SAS,76,2156,21.9,.537,.005,.307,9.3,26.8,18.3,15.7,1.2,4.8,11.4,22.9,,3.7,4.0,7.7,.171,,-0.1,3.9,3.8,3.2
193,132,Francisco Elson,C,34,UTA,62,610,8.9,.529,.000,.274,6.9,16.0,11.4,7.9,1.8,1.9,20.2,11.9,,0.1,0.5,0.6,.046,,-3.5,0.4,-3.1,-0.2
194,133,Melvin Ely,C,32,DEN,30,366,8.3,.573,.000,.412,8.8,14.4,11.7,5.3,0.5,2.3,18.9,9.0,,0.3,0.3,0.6,.083,,-2.0,1.0,-1.0,0.1
195,134,Semih Erden,C,24,TOT,41,595,10.3,.593,.000,.541,7.9,15.8,12.1,5.1,1.3,3.1,19.8,13.7,,0.3,1.1,1.4,.115,,-3.0,2.5,-0.5,0.2
196,134,Semih Erden,C,24,BOS,37,531,10.8,.621,.000,.557,7.6,16.6,12.4,5.5,1.3,3.1,20.9,13.8,,0.4,1.0,1.4,.128,,-2.7,2.8,0.1,0.3
197,134,Semih Erden,C,24,CLE,4,64,6.2,.391,.000,.429,10.5,9.2,9.9,2.3,1.6,3.6,10.7,13.2,,0.0,0.0,0.0,.002,,-5.5,0.1,-5.3,-0.1
215,145,Kyrylo Fesenko,C,24,UTA,53,456,5.8,.441,.010,.460,8.9,19.8,14.3,5.9,0.5,2.9,17.2,14.6,,-0.4,0.3,-0.1,-0.011,,-5.7,-0.8,-6.5,-0.5
221,151,Jeff Foster,C,34,IND,56,940,14.3,.497,.018,.287,19.1,22.3,20.7,7.3,1.3,2.4,12.1,10.1,,1.6,1.4,3.0,.152,,-0.2,2.3,2.1,1.0
225,154,Dan Gadzuric,C,32,GSW,28,297,10.2,.419,.011,.159,19.8,12.9,16.4,5.3,1.7,4.6,18.2,17.1,,-0.2,0.2,0.1,.013,,-3.7,0.4,-3.3,-0.1
236,159,Marc Gasol,C,26,MEM,81,2586,16.8,.580,.010,.425,7.1,19.4,13.1,11.6,1.5,4.3,15.1,16.9,,4.0,3.9,7.9,.146,,0.2,3.4,3.6,3.6
237,160,Pau Gasol,C,30,LAL,82,3037,23.3,.589,.003,.384,10.3,20.5,15.6,15.1,0.8,3.3,9.8,21.8,,10.0,4.7,14.7,.232,,3.0,2.2,5.3,5.6
252,171,Marcin Gortat,C,26,TOT,80,2032,17.8,.594,.007,.320,8.5,27.4,18.0,5.5,0.9,3.3,10.5,17.1,,3.7,2.7,6.4,.152,,-1.0,1.7,0.7,1.4
253,171,Marcin Gortat,C,26,ORL,25,396,13.7,.562,.000,.222,11.5,23.0,17.4,6.8,0.9,4.1,16.0,12.4,,0.5,0.8,1.3,.157,,-2.1,3.8,1.7,0.4
254,171,Marcin Gortat,C,26,PHO,55,1636,18.8,.598,.008,.335,7.8,28.5,18.1,5.2,0.9,3.2,9.7,18.3,,3.2,1.9,5.1,.151,,-0.7,1.2,0.5,1.0
258,175,Aaron Gray,C,26,NOH,41,531,11.0,.566,.000,.343,13.4,25.8,19.6,4.7,1.1,1.9,21.9,13.1,,0.3,0.8,1.1,.100,,-3.1,1.2,-1.8,0.0
268,182,Hamed Haddadi,C,25,MEM,31,168,19.7,.550,.017,.397,16.9,31.6,24.2,4.8,0.6,6.3,13.9,21.2,,0.3,0.3,0.6,.164,,-2.4,0.3,-2.0,0.0
282,192,Spencer Hawes,C,22,PHI,81,1718,12.8,.481,.065,.155,8.7,22.5,15.6,11.2,0.9,3.1,13.8,18.9,,-0.3,2.6,2.4,.066,,-3.1,1.8,-1.3,0.3
283,193,Chuck Hayes,C,27,HOU,74,2079,16.2,.554,.004,.307,11.9,20.7,16.3,14.3,1.9,1.6,14.1,13.0,,3.9,2.4,6.3,.146,,1.0,2.8,3.8,3.0
286,196,Brendan Haywood,C,31,DAL,72,1331,11.7,.532,.004,.794,11.8,20.9,16.5,2.1,0.6,4.2,14.5,12.4,,0.8,2.1,2.9,.104,,-3.2,2.1,-1.0,0.3
290,200,Roy Hibbert,C,24,IND,81,2244,15.9,.507,.004,.309,9.1,21.0,15.1,12.8,0.7,4.6,15.5,23.6,,0.3,3.3,3.6,.077,,-2.5,2.3,-0.2,1.0
292,201,J.J. Hickson,C,22,CLE,80,2256,15.6,.503,.005,.392,10.8,25.0,17.7,7.5,1.1,1.8,13.6,25.5,,-0.2,1.7,1.5,.032,,-3.2,-1.1,-4.3,-1.3
293,202,Nenê Hilário,C,28,DEN,75,2291,20.4,.657,.008,.615,7.5,20.8,14.4,10.4,1.8,2.4,13.9,18.8,,6.4,3.1,9.6,.201,,2.3,2.3,4.6,3.8
296,205,Jordan Hill,C,23,HOU,72,1125,13.0,.521,.006,.241,12.9,18.0,15.4,4.0,0.6,3.2,13.7,17.7,,0.8,1.0,1.8,.079,,-2.8,-0.6,-3.4,-0.4
301,208,Ryan Hollins,C,26,CLE,70,1182,10.7,.642,.000,.744,6.6,11.6,9.0,3.6,1.0,2.7,18.7,13.7,,1.3,0.5,1.8,.072,,-2.5,-0.2,-2.7,-0.2
302,209,Al Horford,C,24,ATL,77,2704,20.7,.587,.004,.204,8.2,23.7,16.0,17.5,1.2,2.3,10.6,19.7,,6.4,3.7,10.1,.179,,2.0,2.4,4.4,4.4
304,211,Dwight Howard,C,25,ORL,78,2935,26.1,.616,.007,.877,12.6,30.6,21.8,6.8,1.9,4.9,16.2,27.2,,6.7,7.7,14.4,.235,,0.9,3.9,4.8,5.0
311,218,Zydrunas Ilgauskas,C,35,MIA,72,1145,12.8,.531,.003,.144,11.9,17.5,14.9,3.6,1.1,4.0,13.3,16.0,,1.0,1.9,2.9,.122,,-2.6,1.0,-1.5,0.1
312,219,Didier Ilunga-Mbenga,C,30,NOH,41,330,9.7,.518,.000,.367,12.8,18.9,15.9,2.7,1.0,6.8,27.0,11.3,,0.0,0.6,0.5,.076,,-4.9,3.6,-1.3,0.1
327,229,Al Jefferson,C,26,UTA,82,2940,20.1,.528,.000,.219,9.6,23.2,16.3,9.2,0.8,4.2,6.8,24.2,,5.1,2.7,7.8,.128,,0.0,0.1,0.1,1.5
337,237,Chris Johnson,C,25,TOT,14,138,10.2,.554,.000,.952,10.3,18.2,14.2,3.2,1.2,5.3,25.1,13.5,,0.0,0.2,0.2,.080,,-4.9,2.0,-2.9,0.0
338,237,Chris Johnson,C,25,POR,10,106,10.3,.521,.000,1.000,12.2,19.3,15.6,2.8,1.5,4.7,23.6,15.0,,0.0,0.2,0.2,.069,,-5.1,1.3,-3.8,0.0
339,237,Chris Johnson,C,25,BOS,4,32,9.9,.773,.000,.667,4.1,14.5,9.6,4.5,0.0,7.3,34.0,8.8,,0.0,0.1,0.1,.118,,-4.4,4.2,-0.1,0.0
352,245,Solomon Jones,C,26,IND,39,528,8.5,.469,.008,.512,9.5,14.2,11.9,8.5,1.2,3.0,19.1,15.4,,-0.2,0.6,0.5,.042,,-4.1,1.6,-2.6,-0.1
353,246,DeAndre Jordan,C,22,LAC,80,2047,14.8,.648,.003,.636,11.9,20.9,16.5,3.2,1.0,5.4,18.8,11.7,,2.6,2.6,5.2,.122,,-1.2,2.5,1.3,1.7
354,247,Chris Kaman,C,28,LAC,32,838,15.7,.495,.000,.152,7.2,24.1,15.7,10.0,1.0,4.5,12.6,24.4,,-0.2,1.1,0.8,.047,,-3.7,1.2,-2.5,-0.1
360,253,Kosta Koufos,C,21,TOT,50,434,12.6,.474,.013,.287,14.6,19.1,16.8,2.5,1.1,4.4,15.5,19.9,,-0.2,0.4,0.2,.027,,-5.1,-1.5,-6.7,-0.5
361,253,Kosta Koufos,C,21,MIN,39,336,10.4,.447,.019,.222,13.5,18.7,16.0,3.2,1.2,4.5,17.4,18.2,,-0.3,0.3,0.0,-0.004,,-5.5,-0.3,-5.8,-0.3
362,253,Kosta Koufos,C,21,DEN,11,98,20.3,.536,.000,.452,18.2,20.6,19.4,0.0,1.0,3.9,10.6,25.6,,0.1,0.1,0.3,.133,,-4.0,-5.7,-9.7,-0.2
363,254,Nenad Krstić,C,27,TOT,71,1571,13.1,.557,.000,.323,9.9,15.4,12.7,2.8,0.9,1.2,9.8,16.9,,2.3,1.7,4.0,.122,,-1.6,-1.2,-2.7,-0.3
364,254,Nenad Krstić,C,27,OKC,47,1018,12.5,.534,.000,.216,9.2,14.4,11.9,3.0,0.9,1.2,9.0,16.4,,1.2,0.8,2.0,.096,,-1.8,-1.5,-3.2,-0.3
365,254,Nenad Krstić,C,27,BOS,24,553,14.3,.598,.000,.544,11.1,17.0,14.2,2.3,0.8,1.1,11.2,17.8,,1.0,0.9,2.0,.170,,-1.2,-0.6,-1.8,0.0
382,264,Brook Lopez,C,22,NJN,82,2889,19.3,.549,.001,.374,7.8,12.3,10.0,8.8,0.9,3.2,10.4,27.3,,4.4,1.9,6.3,.105,,0.6,-0.4,0.1,1.5
383,265,Robin Lopez,C,22,PHO,67,991,13.9,.539,.000,.280,9.5,15.6,12.6,1.3,0.9,3.4,10.7,20.4,,0.8,0.8,1.5,.074,,-3.3,-1.6,-4.9,-0.7
388,270,Jamaal Magloire,C,32,MIA,18,158,12.7,.585,.000,.818,13.6,31.2,22.9,2.8,1.3,1.0,14.3,10.3,,0.3,0.3,0.6,.172,,-2.5,-0.1,-2.7,0.0
389,271,Ian Mahinmi,C,24,DAL,56,488,13.7,.645,.020,.837,10.7,17.8,14.4,2.5,1.5,2.3,15.7,15.3,,1.0,0.8,1.8,.177,,-1.3,0.8,-0.6,0.2
391,273,Sean Marks,C,35,POR,29,208,4.9,.473,.045,.182,9.0,14.8,11.8,2.9,0.8,2.0,18.8,13.1,,-0.1,0.2,0.1,.019,,-5.3,-0.7,-6.0,-0.2
403,284,JaVale McGee,C,23,WAS,79,2193,17.4,.566,.005,.381,11.2,22.2,16.5,2.8,1.0,6.7,12.6,16.3,,2.7,2.5,5.3,.115,,-1.8,1.7,-0.1,1.0
410,291,Darko Miličić,C,25,MIN,69,1686,12.2,.482,.000,.199,8.5,15.4,11.8,9.9,1.6,6.3,19.4,19.7,,-1.5,1.7,0.2,.007,,-3.8,3.0,-0.8,0.5
412,293,Brad Miller,C,34,HOU,60,1015,16.3,.566,.361,.318,4.9,19.9,12.4,21.4,1.4,1.4,13.8,17.0,,2.0,1.0,3.0,.142,,1.2,0.6,1.7,0.9
416,297,Yao Ming*,C,30,HOU,5,91,19.8,.579,.000,.432,8.7,24.9,16.8,7.3,0.0,6.1,13.7,24.8,,0.2,0.1,0.3,.147,,-2.8,0.0,-2.8,0.0
417,298,Nazr Mohammed,C,33,TOT,75,1280,15.9,.538,.002,.250,13.2,21.2,17.2,3.3,1.2,3.5,12.3,20.6,,1.0,1.6,2.7,.100,,-2.5,-0.8,-3.3,-0.4
418,298,Nazr Mohammed,C,33,CHA,51,851,15.9,.520,.003,.278,13.3,22.6,17.9,3.7,0.9,4.4,12.5,22.4,,0.3,1.1,1.4,.080,,-3.3,-0.8,-4.1,-0.5
419,298,Nazr Mohammed,C,33,OKC,24,429,16.0,.583,.000,.183,13.0,18.5,15.8,2.4,1.9,1.7,11.8,17.0,,0.7,0.5,1.2,.139,,-0.7,-1.0,-1.7,0.0
420,299,Greg Monroe,C,20,DET,80,2222,18.0,.575,.002,.424,13.0,20.4,16.5,7.5,2.3,1.6,11.0,15.4,,4.7,1.9,6.6,.143,,1.4,1.0,2.5,2.5
426,302,Timofey Mozgov,C,24,TOT,45,524,10.8,.523,.000,.391,10.0,16.4,13.2,4.2,1.4,3.5,18.3,16.2,,0.1,0.5,0.6,.053,,-4.0,-0.2,-4.3,-0.3
427,302,Timofey Mozgov,C,24,NYK,34,458,10.3,.514,.000,.393,10.1,15.8,13.0,4.8,1.5,3.7,19.6,15.8,,0.0,0.4,0.4,.044,,-4.0,0.4,-3.6,-0.2
428,302,Timofey Mozgov,C,24,DEN,11,66,14.4,.571,.000,.381,9.0,20.4,14.9,0.0,0.8,2.3,10.9,18.6,,0.1,0.1,0.2,.112,,-4.6,-4.5,-9.0,-0.1
433,305,Hamady N'Diaye,C,24,WAS,16,80,5.3,.681,.000,2.400,2.8,7.4,5.0,0.0,1.3,4.8,22.6,7.3,,0.0,0.0,0.1,.046,,-4.8,0.2,-4.6,-0.1
438,310,Joakim Noah,C,25,CHI,48,1576,18.8,.579,.002,.468,13.9,22.8,18.5,10.7,1.6,3.5,15.7,16.8,,3.1,3.6,6.7,.205,,0.7,4.2,4.9,2.8
444,314,Jermaine O'Neal,C,32,BOS,24,431,9.2,.504,.009,.394,7.6,17.0,12.6,4.3,0.2,5.4,17.4,17.2,,-0.2,0.8,0.6,.065,,-5.4,2.4,-3.0,-0.1
445,315,Shaquille O'Neal*,C,38,BOS,37,752,17.4,.659,.000,.652,8.3,20.1,14.6,5.9,1.1,4.4,17.8,20.1,,1.1,1.6,2.7,.174,,-1.1,2.6,1.5,0.7
446,316,Fabricio Oberto,C,35,POR,5,45,0.8,.595,.000,.400,7.8,11.4,9.5,0.0,0.0,0.0,33.8,9.2,,0.0,0.0,0.0,-0.012,,-6.4,-3.6,-10.0,-0.1
448,318,Emeka Okafor,C,28,NOH,72,2287,16.0,.584,.002,.492,12.2,24.3,18.2,3.0,0.9,4.6,15.7,15.8,,2.7,3.8,6.5,.136,,-1.5,2.4,0.8,1.6
449,319,Mehmet Okur,C,31,UTA,13,168,12.6,.452,.258,.323,6.4,15.2,10.8,17.7,1.3,1.9,9.0,21.2,,0.1,0.1,0.2,.048,,-1.4,-1.6,-3.0,0.0
455,322,Zaza Pachulia,C,26,ATL,79,1244,12.4,.562,.000,.772,11.6,20.6,16.1,7.0,1.5,1.3,18.2,14.5,,1.5,1.6,3.1,.118,,-2.2,0.8,-1.5,0.2
464,328,Nikola Peković,C,25,MIN,65,887,11.2,.573,.000,.433,11.0,13.2,12.1,4.8,1.0,3.0,22.5,19.4,,0.2,0.5,0.6,.035,,-3.1,-0.8,-3.9,-0.4
465,329,Kendrick Perkins,C,26,TOT,29,742,9.6,.538,.000,.554,10.4,26.2,18.7,5.2,0.6,2.6,25.7,13.7,,-0.2,1.2,1.0,.063,,-4.3,1.8,-2.5,-0.1
466,329,Kendrick Perkins,C,26,BOS,12,313,10.2,.568,.000,.678,9.6,27.5,19.1,4.8,0.3,2.5,24.6,15.6,,-0.1,0.6,0.6,.088,,-4.8,1.9,-2.8,-0.1
467,329,Kendrick Perkins,C,26,OKC,17,429,9.1,.511,.000,.451,11.0,25.3,18.4,5.4,0.8,2.7,26.7,12.3,,-0.1,0.6,0.4,.046,,-3.9,1.6,-2.3,0.0
469,331,Johan Petro,C,25,NJN,77,893,9.9,.452,.014,.097,8.0,20.4,14.0,8.4,2.0,2.9,13.2,18.1,,-0.7,1.1,0.4,.024,,-4.6,1.4,-3.2,-0.3
474,334,Dexter Pittman,C,22,MIA,2,11,-6.4,.333,.000,.000,11.5,20.4,16.2,0.0,0.0,0.0,40.0,21.3,,-0.1,0.0,-0.1,-0.246,,-15.7,-5.5,-21.2,-0.1
479,337,Leon Powe,C,27,MEM,16,141,17.8,.548,.033,.767,6.7,14.5,10.6,6.0,1.1,0.6,8.0,27.9,,0.3,0.1,0.4,.142,,-1.0,-4.0,-5.0,-0.1
485,342,Joel Przybilla,C,31,TOT,36,519,6.2,.573,.000,.614,8.4,26.4,17.1,3.6,0.5,2.4,34.2,7.7,,-0.1,0.6,0.5,.046,,-5.5,0.8,-4.7,-0.4
486,342,Joel Przybilla,C,31,POR,31,445,7.2,.623,.000,.676,7.4,26.7,16.6,4.2,0.6,2.6,33.3,6.9,,0.1,0.6,0.6,.066,,-4.8,1.7,-3.1,-0.1
487,342,Joel Przybilla,C,31,CHA,5,74,0.3,.383,.000,.400,14.6,24.7,19.6,0.0,0.0,1.1,37.3,11.9,,-0.2,0.1,-0.1,-0.074,,-10.0,-4.1,-14.1,-0.2
492,345,Anthony Randolph,C,21,MIN,23,463,18.5,.537,.000,.338,7.5,21.7,14.4,10.3,1.9,2.6,14.6,27.1,,0.2,0.5,0.7,.069,,-2.2,-0.3,-2.5,-0.1
494,347,Theo Ratliff,C,37,LAL,10,71,4.4,.145,.000,.333,9.9,10.8,10.4,5.5,1.5,5.4,30.4,6.3,,-0.1,0.1,0.0,.000,,-6.4,4.7,-1.8,0.0
514,362,Larry Sanders,C,22,MIL,60,872,11.0,.448,.000,.187,7.7,16.3,11.9,3.2,1.3,6.5,11.6,17.6,,-0.7,1.8,1.0,.057,,-6.2,3.0,-3.2,-0.3
521,369,Garret Siler,C,24,PHO,21,101,13.5,.553,.000,.710,18.3,13.7,16.0,4.7,0.5,2.9,19.7,22.6,,0.1,0.1,0.1,.054,,-2.4,-1.8,-4.2,-0.1
523,371,Brian Skinner,C,34,MIL,2,6,0.0,,,,0.0,0.0,0.0,0.0,0.0,0.0,,0.0,,0.0,0.0,0.0,.023,,-7.2,1.3,-6.0,0.0
529,375,Jason Smith,C,24,NOH,77,1102,10.8,.490,.007,.228,9.8,16.9,13.3,5.3,1.3,2.4,13.6,16.9,,0.2,1.4,1.6,.070,,-3.6,0.9,-2.7,-0.2
534,378,Darius Songaila,C,32,PHI,10,71,1.2,.477,.000,.267,3.2,13.0,8.1,4.1,0.0,0.0,19.3,13.5,,-0.1,0.1,0.0,-0.019,,-6.9,-1.9,-8.8,-0.1
535,379,Marreese Speights,C,23,PHI,64,734,15.3,.532,.014,.251,10.1,22.9,16.5,7.0,0.6,2.0,11.0,22.8,,0.7,1.0,1.7,.110,,-2.7,-1.3,-3.9,-0.4
536,380,Tiago Splitter,C,26,SAS,60,738,16.0,.550,.005,.733,11.6,19.8,15.8,5.3,2.0,1.6,11.2,17.7,,1.1,1.1,2.3,.149,,-1.4,0.7,-0.7,0.2
545,385,Amar'e Stoudemire,C,28,NYK,78,2870,22.7,.565,.016,.403,7.8,17.6,12.7,13.2,1.2,3.8,12.5,30.9,,5.4,2.6,8.0,.134,,0.8,-0.1,0.7,1.9
559,394,Hasheem Thabeet,C,23,TOT,47,373,4.7,.478,.000,.875,7.6,16.5,12.0,1.4,1.3,3.5,23.5,8.7,,-0.2,0.5,0.3,.043,,-5.2,1.3,-3.9,-0.2
560,394,Hasheem Thabeet,C,23,MEM,45,369,4.9,.487,.000,.897,7.7,16.7,12.1,1.4,1.3,3.3,23.8,8.7,,-0.1,0.5,0.3,.045,,-5.1,1.2,-3.8,-0.2
561,394,Hasheem Thabeet,C,23,HOU,2,4,-13.6,.000,.000,.000,0.0,0.0,0.0,0.0,0.0,17.4,0.0,11.0,,0.0,0.0,0.0,-0.179,,-14.3,7.0,-7.3,0.0
562,395,Etan Thomas,C,32,ATL,13,82,15.1,.580,.000,.714,8.9,24.8,16.9,3.9,0.7,3.7,15.3,18.9,,0.1,0.1,0.2,.130,,-4.3,-0.7,-5.1,-0.1
564,397,Tyrus Thomas,C,24,CHA,41,861,18.2,.536,.009,.411,9.1,22.5,15.8,6.2,1.9,6.2,14.3,24.9,,0.4,1.5,1.8,.103,,-3.1,1.9,-1.2,0.2
574,402,Ronny Turiaf,C,28,NYK,64,1141,13.6,.648,.000,.601,6.4,14.4,10.4,11.5,1.5,4.7,16.6,9.6,,2.1,1.1,3.2,.134,,-0.5,2.5,2.0,1.2
579,405,Ekpe Udoh,C,23,GSW,58,1030,9.7,.472,.000,.288,8.6,11.4,10.0,5.4,1.1,6.4,16.1,12.8,,0.0,0.7,0.7,.032,,-4.1,2.2,-2.0,0.0
583,409,Anderson Varejão,C,28,CLE,31,994,15.2,.560,.009,.375,11.0,24.1,17.4,7.4,1.4,2.9,13.7,13.3,,1.3,0.9,2.2,.105,,-1.2,2.1,0.8,0.7
593,417,Ben Wallace,C,36,DET,54,1238,12.3,.442,.013,.383,12.2,22.9,17.3,8.1,2.3,3.5,20.2,8.2,,0.5,1.4,1.9,.072,,-2.0,3.8,1.8,1.2
612,431,D.J. White,C,24,CHA,24,466,17.7,.571,.013,.351,8.0,19.6,13.8,5.8,0.7,2.1,3.8,18.6,,1.1,0.4,1.6,.161,,-0.4,-1.2,-1.7,0.0
613,432,Hassan Whiteside,C,21,SAC,1,2,-17.9,,,,0.0,0.0,0.0,0.0,0.0,0.0,,0.0,,0.0,0.0,0.0,.007,,-6.5,0.0,-6.5,0.0
