,Rk,Player,Pos,Age,Tm,G,MP,PER,TS%,3PAr,FTr,ORB%,DRB%,TRB%,AST%,STL%,BLK%,TOV%,USG%,Unnamed: 19,OWS,DWS,WS,WS/48,Unnamed: 24,OBPM,DBPM,BPM,VORP
3,4,Solomon Alabi,C,23,TOR,14,122,14.2,.418,.000,.222,14.6,30.4,22.6,4.1,0.9,6.0,11.2,17.2,,0.0,0.2,0.2,.083,,-5.6,1.5,-4.1,-0.1
4,5,Cole Aldrich,C,23,OKC,26,173,17.7,.592,.000,.333,9.2,21.6,15.8,2.7,2.4,6.7,15.7,14.9,,0.3,0.4,0.6,.176,,-2.4,2.7,0.3,0.1
12,13,Chris Andersen,C,33,DEN,32,486,18.9,.583,.000,.759,11.9,23.3,17.8,1.8,2.0,7.4,10.6,14.8,,1.0,0.8,1.9,.183,,-1.2,2.6,1.4,0.4
17,18,Joel Anthony,C,29,MIA,64,1349,10.3,.598,.000,.467,9.2,12.8,11.1,1.0,1.4,5.1,19.7,7.8,,1.2,2.2,3.4,.122,,-2.1,2.8,0.7,0.9
21,21,Ömer Aşık,C,25,CHI,66,971,13.4,.509,.000,.660,14.9,25.1,20.1,4.8,1.7,5.0,25.2,12.6,,0.1,2.5,2.6,.129,,-3.3,4.4,1.1,0.8
24,24,Jeff Ayres,C,24,IND,20,106,13.4,.435,.000,.194,12.8,22.1,17.5,6.3,1.5,1.5,4.9,17.6,,0.1,0.2,0.3,.115,,-2.3,-0.8,-3.2,0.0
32,30,Andrea Bargnani,C,26,TOR,31,1032,17.9,.538,.238,.357,2.8,16.6,9.8,11.6,0.9,1.2,11.0,28.7,,1.3,0.9,2.2,.104,,0.8,-1.5,-0.8,0.3
34,32,Earl Barron,C,30,GSW,2,9,4.7,.500,.000,.000,12.6,0.0,6.3,0.0,0.0,0.0,0.0,20.5,,0.0,0.0,0.0,.054,,-2.0,-8.3,-10.3,0.0
36,34,Tony Battie,C,35,PHI,27,295,7.3,.398,.020,.078,3.0,22.3,12.6,7.6,0.7,1.5,7.0,9.0,,0.0,0.5,0.5,.076,,-5.7,1.8,-3.9,-0.1
45,42,Keith Benson,C,23,GSW,3,9,6.0,.000,.000,.000,25.3,12.6,18.9,0.0,0.0,0.0,0.0,5.1,,0.0,0.0,0.0,-0.005,,-5.4,-5.1,-10.4,0.0
47,44,Andris Biedriņš,C,25,GSW,47,739,8.8,.581,.000,.141,6.9,20.0,13.5,3.0,1.6,4.7,17.1,5.1,,0.6,0.7,1.3,.085,,-3.1,2.9,-0.2,0.3
49,46,Bismack Biyombo,C,19,CHA,63,1455,10.6,.480,.000,.514,8.6,20.8,14.5,3.1,0.7,5.9,17.2,13.1,,-0.5,1.1,0.6,.019,,-5.4,1.5,-3.9,-0.7
55,52,Andrew Bogut,C,27,MIL,12,364,14.9,.465,.007,.169,6.5,24.3,15.1,13.7,1.7,5.0,14.1,20.6,,-0.1,0.6,0.5,.062,,-3.2,3.2,0.0,0.2
63,60,Elton Brand,C,32,PHI,60,1732,18.0,.521,.002,.200,9.2,18.3,13.7,9.2,1.8,4.2,9.3,18.9,,2.5,3.6,6.1,.168,,-0.5,3.4,2.9,2.2
70,66,Kwame Brown,C,29,GSW,9,187,11.1,.519,.000,.850,9.7,24.8,17.3,3.2,2.2,0.0,20.3,17.0,,-0.1,0.2,0.1,.031,,-4.7,-1.5,-6.2,-0.2
79,75,Andrew Bynum,C,24,LAL,60,2112,22.9,.594,.006,.425,10.6,26.1,18.7,7.4,0.7,4.0,13.9,23.8,,4.8,3.3,8.0,.183,,0.7,1.2,1.8,2.0
82,78,Marcus Camby,C,37,TOT,59,1352,16.2,.455,.017,.223,13.3,32.7,22.8,11.9,1.9,4.8,15.3,12.6,,1.1,2.5,3.6,.127,,-1.9,4.9,3.0,1.7
83,78,Marcus Camby,C,37,POR,40,894,14.5,.428,.000,.236,13.4,33.2,23.1,12.4,1.9,4.8,20.9,11.5,,0.3,1.6,1.9,.100,,-2.8,5.2,2.4,1.0
84,78,Marcus Camby,C,37,HOU,19,458,19.6,.491,.040,.206,13.0,31.7,22.3,10.9,1.9,4.7,6.8,14.6,,0.8,0.9,1.7,.179,,-0.2,4.3,4.1,0.7
95,86,Tyson Chandler,C,29,NYK,62,2061,18.7,.708,.006,.887,11.8,22.7,17.2,4.3,1.4,3.4,17.1,13.0,,5.8,3.6,9.5,.220,,1.4,2.8,4.1,3.2
100,91,Jason Collins,C,33,ATL,30,308,3.7,.418,.000,.375,4.6,13.6,9.1,4.6,0.7,0.7,17.7,8.6,,-0.2,0.3,0.2,.025,,-5.6,0.5,-5.1,-0.2
108,97,DeMarcus Cousins,C,21,SAC,64,1950,21.7,.499,.014,.373,14.2,25.9,19.8,9.5,2.4,2.8,12.8,29.7,,2.1,2.2,4.2,.104,,-0.4,0.0,-0.3,0.8
113,101,Eddy Curry,C,29,MIA,14,83,3.6,.508,.000,.308,6.0,11.1,8.6,1.9,0.0,2.0,25.3,22.1,,-0.2,0.1,-0.1,-0.046,,-8.2,-3.1,-11.3,-0.2
115,103,Samuel Dalembert,C,30,HOU,65,1446,16.9,.551,.003,.286,12.6,24.1,18.3,3.6,1.3,5.7,15.6,16.6,,1.8,2.3,4.1,.137,,-2.1,2.4,0.3,0.8
116,104,Erick Dampier,C,36,ATL,15,83,5.5,.125,.000,.000,14.3,21.0,17.7,6.5,0.6,3.7,27.3,6.2,,-0.1,0.1,0.1,.035,,-6.3,3.4,-2.8,0.0
122,110,Eric Dawson,C,27,SAS,4,39,14.6,.582,.000,.167,15.0,14.4,14.7,0.0,1.3,3.7,18.9,18.6,,0.0,0.1,0.1,.106,,-3.3,-2.6,-5.9,0.0
134,118,DeSagana Diop,C,30,CHA,27,325,6.8,.347,.000,.143,11.2,19.0,15.0,11.0,1.0,3.0,29.9,9.0,,-0.3,0.2,-0.2,-0.025,,-5.8,1.7,-4.1,-0.2
141,124,Tim Duncan,C,35,SAS,58,1634,22.5,.531,.005,.340,7.9,28.2,18.3,13.5,1.2,3.9,10.3,26.2,,3.0,2.9,5.9,.174,,-0.2,2.6,2.4,1.8
150,131,Francisco Elson,C,35,PHI,5,16,6.3,.333,.000,.000,0.0,7.0,3.5,8.8,3.3,4.7,25.0,11.7,,0.0,0.0,0.0,-0.026,,-8.6,4.3,-4.3,0.0
152,133,Semih Erden,C,25,CLE,28,333,9.9,.538,.000,.554,6.6,18.5,12.3,4.6,1.6,1.1,14.8,14.6,,0.2,0.2,0.4,.057,,-3.7,-0.9,-4.7,-0.2
166,144,Kyrylo Fesenko,C,25,IND,3,17,29.8,.524,.000,1.200,13.3,46.0,29.8,9.5,6.2,0.0,0.0,20.4,,0.1,0.1,0.1,.374,,1.9,3.1,5.0,0.0
174,148,Jeff Foote,C,24,NOH,4,39,-0.9,.333,.000,.000,3.1,15.0,9.2,0.0,0.0,2.1,25.0,9.7,,-0.1,0.0,-0.1,-0.079,,-9.9,-2.0,-12.0,-0.1
180,152,Jeff Foster,C,35,IND,11,141,11.1,.569,.056,.500,14.5,19.0,16.7,4.2,3.0,0.6,24.2,9.3,,0.2,0.2,0.4,.134,,-0.6,1.7,1.1,0.1
184,156,Dan Gadzuric,C,33,NYK,2,13,-4.3,.000,.000,1.000,8.8,35.9,22.2,0.0,4.0,6.1,25.8,13.4,,-0.1,0.0,0.0,-0.169,,-16.8,2.7,-14.0,0.0
188,160,Kevin Garnett,C,35,BOS,60,1864,20.4,.550,.012,.243,4.4,25.8,15.6,17.9,1.6,2.5,11.1,24.9,,2.6,4.3,6.9,.178,,0.2,3.3,3.6,2.6
190,161,Marc Gasol,C,27,MEM,65,2370,18.4,.541,.016,.428,5.8,23.1,14.3,14.1,1.4,4.1,12.1,19.1,,4.2,4.0,8.2,.166,,0.3,3.6,3.9,3.5
202,171,Drew Gooden,C,30,MIL,56,1469,18.8,.512,.084,.317,9.5,18.0,13.6,16.5,1.6,1.7,12.7,25.7,,2.0,1.5,3.6,.116,,0.7,0.3,1.0,1.1
205,174,Marcin Gortat,C,27,PHO,66,2114,21.2,.578,.003,.326,10.0,25.0,17.6,4.8,1.2,3.4,9.3,20.8,,4.9,2.7,7.6,.172,,0.8,1.2,2.0,2.1
208,177,Aaron Gray,C,27,TOR,49,813,11.1,.526,.000,.292,12.1,28.3,20.3,5.5,1.5,1.7,21.9,13.5,,0.1,1.3,1.4,.082,,-3.5,1.5,-2.0,0.0
215,183,Hamed Haddadi,C,26,MEM,35,206,16.3,.589,.021,.542,15.6,24.9,20.1,6.1,0.3,10.3,26.1,17.7,,0.1,0.4,0.6,.131,,-3.5,4.1,0.6,0.1
229,197,Spencer Hawes,C,23,PHI,37,920,18.1,.517,.038,.172,9.4,23.3,16.3,17.6,0.9,3.9,13.8,20.3,,1.1,1.9,2.9,.152,,-0.6,3.3,2.7,1.1
230,198,Chuck Hayes,C,28,SAC,54,1039,8.9,.459,.012,.229,7.3,18.0,12.4,10.4,1.8,1.2,21.1,9.9,,0.1,0.5,0.6,.028,,-3.1,1.3,-1.8,0.1
234,201,Brendan Haywood,C,32,DAL,54,1146,12.9,.520,.000,.421,13.7,18.0,15.9,2.6,1.1,3.8,14.5,12.8,,1.1,1.6,2.7,.114,,-2.4,1.9,-0.5,0.4
237,204,Roy Hibbert,C,25,IND,65,1937,19.3,.539,.001,.358,12.5,20.7,16.6,9.9,0.9,5.2,14.2,21.1,,3.2,3.0,6.2,.154,,0.5,2.4,3.0,2.4
242,207,Nenê Hilário,C,29,TOT,39,1110,18.6,.573,.010,.427,6.7,23.3,15.1,12.0,1.9,2.7,17.1,22.6,,1.3,1.4,2.7,.117,,-0.6,1.7,1.1,0.9
243,207,Nenê Hilário,C,29,DEN,28,826,16.7,.554,.007,.473,6.3,22.6,14.7,11.7,2.2,2.4,18.5,22.5,,0.5,1.1,1.6,.092,,-1.4,2.1,0.7,0.6
244,207,Nenê Hilário,C,29,WAS,11,284,24.2,.624,.018,.313,7.9,25.3,16.5,12.8,1.1,3.5,13.0,23.1,,0.8,0.3,1.1,.191,,1.8,0.6,2.4,0.3
247,210,Jordan Hill,C,24,TOT,39,551,15.8,.522,.018,.285,12.8,26.3,19.5,4.7,1.3,3.6,14.3,17.9,,0.5,0.8,1.4,.118,,-2.8,0.8,-2.1,0.0
248,210,Jordan Hill,C,24,HOU,32,469,15.1,.529,.022,.289,11.5,27.0,19.2,4.7,1.0,3.4,13.6,17.1,,0.5,0.7,1.1,.118,,-2.8,0.6,-2.3,0.0
249,210,Jordan Hill,C,24,LAL,7,82,19.3,.492,.000,.267,20.0,22.1,21.1,4.2,3.2,5.3,17.3,22.6,,0.0,0.2,0.2,.120,,-2.7,1.9,-0.8,0.0
253,214,Ryan Hollins,C,27,TOT,39,522,6.9,.560,.000,.893,7.4,10.7,9.0,2.7,0.5,2.5,23.0,13.4,,-0.1,0.3,0.2,.023,,-4.6,-0.6,-5.1,-0.4
254,214,Ryan Hollins,C,27,CLE,24,362,7.0,.555,.000,.982,7.6,10.1,8.8,2.6,0.6,2.5,23.0,12.9,,0.0,0.1,0.1,.013,,-4.4,-0.9,-5.4,-0.3
255,214,Ryan Hollins,C,27,BOS,15,160,6.8,.571,.000,.714,7.0,12.0,9.6,3.0,0.3,2.4,23.0,14.3,,-0.1,0.2,0.1,.044,,-5.0,0.3,-4.7,-0.1
257,216,Al Horford,C,25,ATL,11,348,19.0,.585,.010,.291,8.8,17.1,13.0,11.7,1.5,3.1,12.1,17.9,,0.8,0.6,1.3,.180,,0.5,2.3,2.8,0.4
259,218,Dwight Howard,C,26,ORL,54,2070,24.2,.569,.010,.788,11.0,33.1,21.9,9.8,2.1,4.4,15.2,26.1,,3.3,4.4,7.7,.179,,0.1,3.7,3.8,3.0
282,236,Al Jefferson,C,27,UTA,61,2075,22.8,.520,.004,.169,7.3,25.3,16.2,12.1,1.2,3.9,5.2,25.7,,4.9,2.5,7.5,.173,,1.7,1.3,3.0,2.6
297,246,Chris Johnson,C,26,TOT,27,175,10.8,.557,.000,.463,10.1,16.8,13.5,1.8,1.9,4.0,23.3,17.1,,0.0,0.2,0.2,.059,,-4.8,0.2,-4.7,-0.1
298,246,Chris Johnson,C,26,POR,20,93,11.4,.566,.000,.522,9.8,12.8,11.3,1.7,0.6,6.6,19.8,17.4,,0.1,0.1,0.1,.077,,-4.4,0.1,-4.4,-0.1
299,246,Chris Johnson,C,26,NOH,7,82,10.1,.546,.000,.389,10.3,21.4,16.0,2.0,3.3,1.0,27.5,16.8,,-0.1,0.1,0.1,.038,,-5.3,0.3,-5.0,-0.1
311,256,Solomon Jones,C,27,NOH,11,196,11.0,.501,.000,.340,13.0,12.0,12.5,5.9,1.4,2.5,17.6,17.8,,0.1,0.2,0.2,.059,,-2.5,0.1,-2.4,0.0
312,257,DeAndre Jordan,C,23,LAC,66,1798,16.4,.626,.003,.433,13.2,23.0,18.1,1.5,0.9,6.2,16.0,11.9,,3.2,2.4,5.6,.150,,-1.1,2.1,1.0,1.4
313,258,Jerome Jordan,C,25,NYK,21,108,18.3,.561,.000,.303,14.8,14.1,14.4,6.3,0.5,4.4,5.1,16.4,,0.3,0.1,0.5,.211,,0.3,0.3,0.6,0.1
315,260,Chris Kaman,C,29,NOH,47,1372,15.3,.478,.000,.179,7.9,23.5,15.8,14.0,1.0,4.7,16.7,26.6,,-1.2,1.9,0.7,.024,,-3.5,2.2,-1.4,0.2
317,261,Enes Kanter,C,19,UTA,66,874,14.5,.539,.004,.445,13.9,22.7,18.3,1.4,1.1,2.1,16.1,17.3,,0.9,0.8,1.7,.095,,-2.6,-2.1,-4.7,-0.6
324,268,Kosta Koufos,C,22,DEN,48,792,17.3,.608,.000,.286,14.4,23.3,19.0,2.9,1.5,4.1,13.2,14.0,,1.7,1.0,2.7,.163,,0.0,1.0,1.0,0.6
338,281,Brook Lopez,C,23,NJN,5,136,21.9,.527,.000,.416,6.6,8.8,7.7,10.2,0.4,2.3,6.2,32.7,,0.3,0.0,0.3,.091,,0.0,-4.8,-4.8,-0.1
339,282,Robin Lopez,C,23,PHO,64,895,15.2,.526,.000,.520,11.5,14.8,13.2,3.4,1.0,4.9,11.5,18.9,,1.2,0.9,2.1,.115,,-1.8,0.8,-1.0,0.2
344,287,Vernon Macklin,C,25,DET,23,135,18.2,.559,.000,.400,12.0,18.3,15.0,6.4,1.6,2.3,6.8,15.1,,0.3,0.1,0.5,.161,,-0.2,-0.5,-0.6,0.0
346,289,Jamaal Magloire,C,33,TOR,34,374,2.7,.360,.000,.600,7.9,27.3,17.7,2.4,0.6,2.2,27.9,9.9,,-0.7,0.5,-0.2,-0.021,,-8.2,0.9,-7.3,-0.5
347,290,Ian Mahinmi,C,25,DAL,61,1139,13.5,.585,.004,.618,10.7,17.7,14.3,1.7,1.8,2.2,14.2,14.4,,1.7,1.7,3.4,.144,,-1.9,0.8,-1.2,0.2
359,301,JaVale McGee,C,24,TOT,61,1535,19.9,.552,.000,.303,12.1,23.3,17.7,3.5,1.2,6.6,12.2,20.7,,1.9,2.2,4.1,.127,,-1.4,1.2,-0.1,0.7
360,301,JaVale McGee,C,24,WAS,41,1124,19.6,.539,.000,.290,12.6,23.8,18.2,3.9,1.2,6.9,13.1,20.7,,1.2,1.6,2.8,.120,,-1.6,1.6,0.0,0.6
361,301,JaVale McGee,C,24,DEN,20,411,20.5,.588,.000,.336,10.5,21.8,16.3,2.5,1.2,5.9,9.8,21.0,,0.7,0.6,1.3,.148,,-0.7,0.2,-0.5,0.2
367,307,Darko Miličić,C,26,MIN,29,472,9.0,.458,.000,.285,8.2,14.6,11.4,5.9,1.0,3.8,17.9,16.8,,-0.4,0.4,0.0,.003,,-4.7,1.6,-3.1,-0.1
369,309,Brad Miller,C,35,MIN,15,146,10.7,.542,.556,.444,3.0,11.5,7.2,24.3,1.4,1.0,27.1,13.5,,0.1,0.1,0.2,.060,,-1.7,-0.5,-2.2,0.0
373,313,Nazr Mohammed,C,34,OKC,63,692,11.0,.477,.006,.136,10.4,17.1,14.0,3.1,1.5,3.9,12.7,13.4,,0.3,1.0,1.3,.090,,-3.1,0.9,-2.2,0.0
374,314,Greg Monroe,C,21,DET,66,2082,22.0,.563,.001,.348,13.3,23.6,18.3,14.0,2.1,1.7,15.2,23.6,,4.3,2.7,7.0,.161,,2.4,1.4,3.8,3.1
377,317,Mikki Moore,C,36,GSW,7,118,6.3,.520,.000,.350,6.8,14.4,10.6,6.0,1.3,2.0,23.3,11.8,,0.0,0.1,0.1,.022,,-4.2,0.1,-4.1,-0.1
383,322,Timofey Mozgov,C,25,DEN,44,687,13.2,.556,.000,.300,9.3,20.8,15.2,4.9,1.1,4.8,19.8,17.4,,0.3,0.8,1.1,.074,,-3.0,1.5,-1.6,0.1
384,323,Byron Mullens,C,22,CHA,65,1465,13.0,.473,.086,.190,7.3,18.8,12.8,7.5,0.8,2.6,10.4,22.5,,-0.4,0.6,0.2,.007,,-3.3,-1.7,-5.0,-1.1
386,325,Hamady N'Diaye,C,25,WAS,3,3,-13.1,.000,.000,.000,0.0,0.0,0.0,0.0,0.0,0.0,0.0,14.9,,0.0,0.0,0.0,-0.369,,-15.6,-4.8,-20.4,0.0
391,330,Joakim Noah,C,26,CHI,64,1945,19.6,.561,.002,.420,14.1,21.8,18.0,12.7,1.1,3.4,13.7,15.8,,4.9,4.2,9.0,.223,,1.8,4.0,5.8,3.8
395,334,Jermaine O'Neal,C,33,BOS,25,570,9.4,.468,.000,.258,8.0,19.4,14.0,2.7,0.7,5.8,13.6,13.0,,-0.1,1.2,1.1,.091,,-5.1,3.4,-1.7,0.0
397,336,Emeka Okafor,C,29,NOH,27,781,15.1,.539,.000,.346,10.8,21.4,16.2,5.3,1.1,2.8,13.0,17.2,,0.8,0.9,1.7,.103,,-1.5,0.8,-0.6,0.3
398,337,Mehmet Okur,C,32,NJN,17,454,8.4,.460,.518,.036,5.5,15.5,10.4,11.1,1.1,0.8,15.0,16.8,,-0.2,0.1,0.0,-0.004,,-1.8,-1.3,-3.1,-0.1
403,341,Zaza Pachulia,C,27,ATL,58,1640,14.0,.557,.000,.466,11.1,21.5,16.4,7.4,1.8,1.4,16.5,14.0,,2.3,2.8,5.0,.147,,-1.0,2.3,1.4,1.4
412,350,Nikola Peković,C,26,MIN,47,1264,21.4,.607,.000,.412,15.8,14.6,15.2,4.6,1.2,1.8,14.0,21.9,,3.6,0.9,4.5,.170,,2.1,-0.6,1.5,1.1
413,351,Kendrick Perkins,C,27,OKC,65,1744,8.7,.528,.000,.427,8.4,18.8,13.9,6.4,0.7,3.0,27.5,11.1,,0.0,2.1,2.0,.056,,-2.7,2.1,-0.6,0.6
414,352,Johan Petro,C,26,NJN,59,920,10.3,.452,.004,.142,8.3,20.3,14.1,8.2,1.2,1.9,12.1,15.6,,0.1,0.6,0.7,.034,,-4.0,-0.3,-4.3,-0.5
417,355,Dexter Pittman,C,23,MIA,35,301,10.4,.498,.000,.298,11.1,16.8,14.1,4.9,1.4,2.2,13.8,19.0,,0.1,0.5,0.6,.101,,-3.4,-0.6,-4.0,-0.2
422,360,Joel Przybilla,C,32,POR,27,449,6.0,.492,.000,.375,7.4,28.9,17.9,1.9,0.5,2.8,28.2,7.9,,-0.2,0.5,0.3,.034,,-6.1,0.8,-5.3,-0.4
440,377,Samardo Samuels,C,23,CLE,54,825,11.1,.517,.000,.506,8.4,16.8,12.4,4.2,1.3,1.8,16.5,18.4,,0.2,0.5,0.7,.039,,-4.1,-1.4,-5.4,-0.7
447,383,Kevin Séraphin,C,22,WAS,57,1176,15.8,.549,.003,.183,9.8,17.1,13.4,4.8,0.8,5.0,13.8,18.2,,1.2,1.1,2.3,.094,,-1.8,0.5,-1.3,0.2
456,390,Brian Skinner,C,35,MEM,1,4,-14.6,.000,.000,.000,0.0,0.0,0.0,0.0,0.0,0.0,0.0,11.3,,0.0,0.0,0.0,-0.248,,-13.2,-2.9,-16.1,0.0
462,393,Greg Smith,C,21,HOU,8,69,12.3,.636,.000,.000,8.3,25.5,16.8,2.2,1.5,5.4,8.3,7.9,,0.1,0.1,0.2,.165,,-2.5,2.6,0.1,0.0
473,401,Tiago Splitter,C,27,SAS,59,1121,20.5,.649,.000,.528,9.7,21.4,15.7,9.2,1.0,3.0,17.1,20.7,,3.0,1.6,4.6,.197,,1.1,1.4,2.5,1.3
477,405,Greg Stiemsma,C,26,BOS,55,766,13.6,.579,.000,.339,7.7,19.0,13.6,5.6,2.6,8.5,19.2,10.8,,0.6,2.2,2.7,.170,,-3.0,7.5,4.5,1.2
485,413,Hasheem Thabeet,C,24,TOT,20,139,12.4,.587,.000,.952,13.1,22.2,17.6,0.0,0.4,5.5,21.2,12.4,,0.1,0.2,0.3,.102,,-5.1,-2.1,-7.2,-0.2
486,413,Hasheem Thabeet,C,24,HOU,5,23,16.4,1.000,.000,.000,5.0,30.6,17.7,0.0,0.0,6.5,0.0,5.9,,0.1,0.0,0.1,.228,,-2.0,-1.0,-3.0,0.0
487,413,Hasheem Thabeet,C,24,POR,15,116,11.6,.541,.000,1.111,14.8,20.5,17.6,0.0,0.5,5.3,23.0,13.7,,0.1,0.1,0.2,.077,,-5.7,-2.3,-8.0,-0.2
489,415,Kurt Thomas,C,39,POR,53,803,9.5,.483,.000,.127,5.5,22.1,13.7,8.7,1.6,3.0,15.8,11.2,,0.2,0.9,1.1,.067,,-3.7,2.4,-1.3,0.1
493,419,Trey Thompkins,C,21,LAC,24,119,12.0,.445,.213,.115,4.0,20.2,12.0,4.5,1.4,2.1,8.6,27.2,,-0.1,0.1,0.0,.004,,-5.5,-3.3,-8.9,-0.2
502,427,Ronny Turiaf,C,29,TOT,17,279,12.3,.597,.030,.667,8.9,20.6,14.8,5.1,2.6,4.9,24.7,9.4,,0.2,0.6,0.8,.137,,-2.4,3.9,1.4,0.2
503,427,Ronny Turiaf,C,29,WAS,4,58,10.8,1.000,.000,.000,1.9,21.6,11.7,12.2,5.4,4.0,66.7,6.9,,-0.1,0.1,0.1,.057,,-4.0,6.2,2.3,0.1
504,427,Ronny Turiaf,C,29,MIA,13,221,12.6,.567,.033,.733,10.7,20.3,15.7,3.3,1.9,5.1,16.8,10.0,,0.3,0.5,0.7,.158,,-2.0,3.3,1.2,0.2
507,430,Jeremy Tyler,C,20,GSW,42,568,10.4,.442,.005,.249,10.8,17.1,14.0,4.5,1.5,2.7,13.4,21.8,,-0.5,0.4,-0.2,-0.014,,-5.3,-1.6,-7.0,-0.7
509,432,Ekpe Udoh,C,24,TOT,61,1290,12.5,.493,.007,.386,8.6,13.5,11.0,6.4,1.6,6.0,13.3,14.0,,0.9,1.2,2.1,.077,,-2.6,2.8,0.2,0.7
510,432,Ekpe Udoh,C,24,GSW,38,827,11.5,.493,.000,.346,8.0,12.2,10.1,5.5,1.6,6.0,14.1,13.8,,0.3,0.6,0.9,.054,,-3.0,2.5,-0.5,0.3
511,432,Ekpe Udoh,C,24,MIL,23,463,14.3,.492,.018,.455,9.7,15.9,12.7,8.1,1.7,6.0,12.0,14.3,,0.5,0.6,1.1,.119,,-1.9,3.4,1.5,0.4
516,435,Anderson Varejão,C,29,CLE,25,785,18.9,.542,.018,.288,15.2,26.8,20.8,9.7,2.3,1.6,15.2,16.9,,1.2,0.9,2.1,.131,,0.4,1.7,2.1,0.8
520,439,Nikola Vučević,C,21,PHI,51,812,14.3,.462,.027,.117,12.0,21.7,16.8,6.2,1.3,3.1,9.7,19.6,,0.2,1.6,1.8,.109,,-3.2,1.1,-2.1,0.0
527,445,Ben Wallace,C,37,DET,62,980,10.7,.398,.047,.547,9.6,23.7,16.4,6.4,2.6,4.1,24.2,6.6,,-0.1,1.6,1.4,.070,,-3.7,4.5,0.8,0.7
535,449,Darryl Watkins,C,27,NOH,5,98,10.8,.525,.000,1.286,9.9,22.7,16.4,4.7,2.8,3.4,26.7,14.4,,-0.1,0.2,0.1,.056,,-4.6,2.8,-1.8,0.0
543,457,Hassan Whiteside,C,22,SAC,18,109,16.2,.449,.000,.444,15.4,24.3,19.6,0.0,1.4,10.0,13.4,14.8,,0.0,0.2,0.2,.073,,-6.4,-0.3,-6.7,-0.1
544,458,Chris Wilcox,C,29,BOS,28,481,12.4,.612,.000,.364,9.8,19.7,14.9,4.1,1.2,1.4,19.5,15.4,,0.4,0.9,1.3,.132,,-2.5,0.9,-1.6,0.0
550,463,Jordan Williams,C,21,NJN,43,635,14.5,.544,.000,.434,11.7,16.9,14.3,2.9,1.8,1.8,11.3,14.7,,1.0,0.4,1.3,.101,,-1.9,-1.1,-3.1,-0.2
555,468,Sean Williams,C,25,TOT,11,107,18.7,.722,.000,.591,14.1,12.6,13.4,7.4,2.0,5.9,26.5,16.5,,0.2,0.2,0.4,.199,,0.0,3.7,3.6,0.2
556,468,Sean Williams,C,25,DAL,8,65,18.8,.778,.000,.375,15.7,6.9,11.2,5.5,0.8,6.1,27.3,18.3,,0.2,0.1,0.2,.182,,1.1,1.7,2.7,0.1
557,468,Sean Williams,C,25,BOS,3,42,18.6,.606,.000,1.167,11.8,21.4,16.8,10.4,3.8,5.5,24.8,13.8,,0.1,0.1,0.2,.226,,-1.7,6.7,5.1,0.1
559,470,Shelden Williams,C,28,NJN,58,1276,11.9,.543,.000,.517,12.5,19.6,15.9,4.3,2.0,2.3,21.1,11.2,,1.1,1.0,2.1,.078,,-2.3,1.2,-1.1,0.3
564,473,Brandan Wright,C,24,DAL,49,791,21.6,.632,.004,.352,8.9,15.8,12.4,2.9,1.5,6.4,7.2,17.0,,2.2,1.3,3.5,.215,,0.2,2.4,2.6,0.9
