,Rk,Player,Pos,Age,Tm,G,MP,PER,TS%,3PAr,FTr,ORB%,DRB%,TRB%,AST%,STL%,BLK%,TOV%,USG%,Unnamed: 19,OWS,DWS,WS,WS/48,Unnamed: 24,OBPM,DBPM,BPM,VORP
4,5,Cole Aldrich,C,24,TOT,45,388,11.1,.563,.000,.250,8.7,26.7,17.7,3.4,0.7,4.6,20.6,12.7,,0.1,0.4,0.6,.070,,-4.8,0.7,-4.0,-0.2
5,5,Cole Aldrich,C,24,HOU,30,213,7.3,.532,.000,.209,6.5,23.7,15.2,4.1,0.7,3.2,23.0,12.5,,-0.1,0.3,0.2,.038,,-5.7,1.0,-4.8,-0.1
6,5,Cole Aldrich,C,24,SAC,15,175,15.7,.598,.000,.297,11.5,30.4,20.7,2.6,0.6,6.3,17.7,12.9,,0.2,0.2,0.4,.109,,-3.6,0.5,-3.1,-0.1
8,7,Lavoy Allen,C,23,PHI,79,1669,11.5,.474,.002,.132,10.5,16.5,13.4,6.7,0.8,2.6,10.3,14.8,,0.9,1.6,2.5,.072,,-3.2,0.6,-2.6,-0.3
16,12,Chris Andersen,C,34,MIA,42,624,17.4,.631,.024,.756,11.9,21.5,17.0,4.0,1.4,5.8,12.8,14.4,,1.6,1.1,2.7,.207,,-0.6,1.8,1.2,0.5
23,17,Joel Anthony,C,30,MIA,62,566,10.4,.542,.000,.412,10.4,14.4,12.5,3.1,1.2,6.1,21.5,8.6,,0.4,0.8,1.2,.100,,-3.0,2.7,-0.3,0.2
26,20,Ömer Aşık,C,26,HOU,82,2464,14.9,.558,.002,.487,12.8,31.0,22.0,4.6,0.9,2.7,18.8,16.3,,2.0,3.5,5.5,.108,,-2.6,1.3,-1.3,0.5
29,22,Gustavo Ayón,C,27,TOT,55,734,12.8,.540,.000,.299,9.0,21.3,15.1,14.7,1.5,1.8,19.9,14.5,,0.4,0.8,1.2,.077,,-2.6,1.3,-1.2,0.1
30,22,Gustavo Ayón,C,27,ORL,43,571,11.7,.540,.000,.304,7.9,19.8,13.8,15.5,1.2,1.8,21.1,14.3,,0.3,0.5,0.7,.061,,-2.9,1.0,-1.9,0.0
31,22,Gustavo Ayón,C,27,MIL,12,163,16.6,.539,.000,.286,12.7,26.7,19.4,11.6,2.8,1.8,16.0,15.0,,0.1,0.3,0.4,.132,,-1.3,2.6,1.3,0.1
39,30,Earl Barron,C,31,TOT,12,159,8.9,.361,.000,.137,15.4,28.1,21.6,5.0,1.6,3.0,16.9,18.8,,-0.3,0.3,0.0,-0.003,,-7.6,1.0,-6.6,-0.2
40,30,Earl Barron,C,31,WAS,11,122,6.9,.357,.000,.135,14.4,24.7,19.5,3.9,2.1,3.2,20.3,18.4,,-0.3,0.3,-0.1,-0.025,,-8.4,1.6,-6.8,-0.1
41,30,Earl Barron,C,31,NYK,1,37,15.4,.370,.000,.143,18.4,39.3,28.5,8.7,0.0,2.3,6.3,20.1,,0.0,0.1,0.1,.069,,-5.0,-0.9,-5.9,0.0
47,36,Aron Baynes,C,26,SAS,16,141,8.8,.521,.028,.333,10.4,15.5,13.1,5.2,0.4,3.1,21.0,17.1,,0.0,0.2,0.1,.050,,-4.7,0.4,-4.3,-0.1
55,43,Andris Biedriņš,C,26,GSW,53,495,7.7,.449,.000,.619,7.8,25.7,17.0,3.7,1.5,6.6,34.4,3.7,,0.1,1.0,1.1,.102,,-5.0,5.7,0.7,0.3
57,45,Bismack Biyombo,C,20,CHA,80,2186,10.1,.472,.000,.410,9.9,20.9,15.2,2.5,0.7,5.3,16.7,10.2,,0.1,1.3,1.4,.031,,-4.4,1.2,-3.2,-0.7
60,48,Andray Blatche,C,26,BRK,82,1555,21.9,.547,.033,.320,12.2,19.6,15.8,10.5,3.0,2.7,13.8,26.5,,2.4,2.5,4.9,.153,,0.7,1.6,2.3,1.7
63,51,Andrew Bogut,C,28,GSW,32,786,13.8,.463,.005,.207,9.8,24.1,17.2,12.5,1.3,5.5,14.8,13.4,,0.4,1.4,1.7,.106,,-2.5,4.8,2.3,0.9
67,55,Chris Bosh,C,28,MIA,74,2454,20.0,.592,.082,.333,7.0,17.6,12.6,8.4,1.4,3.4,11.0,22.7,,5.6,3.4,9.0,.175,,0.6,0.6,1.2,2.0
69,57,Elton Brand,C,33,DAL,72,1527,15.2,.499,.002,.195,9.7,21.5,15.7,7.1,1.7,4.6,9.9,17.2,,1.2,2.2,3.4,.107,,-2.1,2.5,0.4,0.9
79,62,Kwame Brown,C,30,PHI,22,269,8.8,.452,.000,.514,9.4,22.1,15.5,4.7,1.2,2.9,15.0,9.1,,0.0,0.4,0.4,.071,,-5.1,1.6,-3.5,-0.1
96,77,Tyson Chandler,C,30,NYK,66,2164,18.9,.671,.000,.645,14.1,24.3,19.0,4.5,1.0,3.0,14.5,13.0,,6.7,2.6,9.3,.207,,1.7,1.8,3.5,3.0
103,83,Jason Collins,C,34,TOT,38,384,3.0,.476,.000,1.103,6.9,11.3,9.2,2.9,1.6,2.1,29.5,7.5,,-0.1,0.5,0.4,.045,,-5.3,1.9,-3.4,-0.1
104,83,Jason Collins,C,34,BOS,32,330,3.0,.511,.000,1.304,7.8,10.8,9.3,2.5,1.6,1.4,30.7,7.5,,-0.1,0.4,0.3,.049,,-4.8,1.4,-3.5,-0.1
105,83,Jason Collins,C,34,WAS,6,54,2.9,.291,.000,.333,2.0,14.5,8.2,5.2,1.9,5.9,22.5,7.5,,-0.1,0.1,0.0,.016,,-8.4,5.3,-3.1,0.0
107,85,Nick Collison,C,32,OKC,81,1583,13.6,.624,.014,.264,9.6,14.2,12.1,11.3,1.7,1.4,17.3,11.5,,3.2,2.1,5.2,.158,,1.0,1.4,2.4,1.8
114,90,DeMarcus Cousins,C,22,SAC,75,2289,20.2,.524,.021,.408,10.9,27.0,18.7,15.3,2.4,1.9,15.5,28.1,,2.0,2.3,4.4,.092,,0.0,1.0,1.0,1.7
122,96,Eddy Curry,C,30,DAL,2,25,-0.2,.461,.000,.500,9.1,8.7,8.9,0.0,0.0,0.0,23.5,23.3,,-0.1,0.0,-0.1,-0.146,,-9.6,-6.5,-16.1,-0.1
124,98,Samuel Dalembert,C,31,MIL,47,765,18.6,.565,.004,.217,14.2,24.9,19.4,4.5,1.1,5.1,15.5,18.7,,0.9,1.2,2.2,.137,,-2.3,1.0,-1.2,0.1
129,101,Ed Davis,C,23,TOR,45,1087,18.1,.570,.000,.301,10.2,22.8,16.4,8.8,1.2,2.8,10.5,18.3,,2.1,1.2,3.3,.147,,0.0,1.0,1.0,0.8
141,110,DeSagana Diop,C,31,CHA,22,226,6.6,.292,.037,.037,4.9,21.4,12.9,8.5,1.2,5.7,22.6,7.1,,-0.3,0.2,-0.1,-0.017,,-7.1,3.0,-4.1,-0.1
148,115,Andre Drummond,C,19,DET,60,1243,21.6,.578,.006,.465,15.4,27.2,21.2,4.1,2.5,6.1,12.2,17.2,,2.2,2.3,4.5,.172,,-0.3,2.6,2.4,1.4
151,118,Tim Duncan,C,36,SAS,69,2078,24.4,.554,.007,.307,7.3,29.6,19.1,15.5,1.2,6.4,11.7,27.8,,3.4,4.9,8.3,.191,,-0.5,4.6,4.1,3.2
164,128,Festus Ezeli,C,23,GSW,78,1120,9.3,.467,.000,.479,14.3,16.4,15.4,2.7,1.0,5.2,23.5,10.7,,0.0,1.5,1.5,.066,,-4.0,2.6,-1.4,0.2
180,140,Kevin Garnett,C,36,BOS,68,2022,19.2,.535,.019,.236,4.5,25.8,15.5,14.4,2.0,2.4,10.5,24.5,,1.8,3.8,5.6,.133,,-1.2,2.3,1.0,1.5
183,142,Marc Gasol,C,28,MEM,80,2796,19.5,.559,.016,.364,7.6,18.9,13.1,19.1,1.6,4.1,13.5,19.2,,6.1,5.4,11.5,.197,,1.7,4.4,6.1,5.7
194,151,Drew Gooden,C,31,MIL,16,151,7.7,.382,.082,.262,8.9,13.3,11.0,6.1,1.7,2.9,11.7,22.2,,-0.3,0.2,-0.1,-0.034,,-6.5,-0.7,-7.2,-0.2
197,154,Marcin Gortat,C,28,PHO,61,1876,15.4,.543,.005,.244,7.6,24.0,15.6,6.5,1.1,3.9,13.6,17.2,,1.3,2.1,3.4,.086,,-2.4,1.8,-0.6,0.7
200,157,Aaron Gray,C,28,TOR,42,513,9.0,.544,.000,.489,10.9,20.0,15.4,9.9,0.7,0.8,24.8,13.1,,0.2,0.4,0.5,.050,,-3.0,0.1,-2.9,-0.1
208,164,Hamed Haddadi,C,27,TOT,30,322,10.2,.447,.000,.329,15.0,24.7,19.8,5.7,1.0,6.4,24.8,17.4,,-0.4,0.5,0.1,.010,,-6.2,2.5,-3.7,-0.1
209,164,Hamed Haddadi,C,27,MEM,13,87,7.4,.343,.000,.095,13.3,19.4,16.3,6.9,0.6,5.7,15.5,13.7,,-0.1,0.2,0.1,.039,,-5.9,3.1,-2.7,0.0
210,164,Hamed Haddadi,C,27,PHO,17,235,11.2,.479,.000,.410,15.6,26.7,21.0,5.2,1.1,6.7,27.3,18.7,,-0.4,0.4,0.0,.000,,-6.4,2.3,-4.0,-0.1
217,171,Josh Harrellson,C,23,MIA,6,31,8.5,.506,.556,.222,12.6,15.0,13.9,0.0,1.7,2.6,23.3,19.9,,0.0,0.0,0.0,.002,,-5.1,-4.5,-9.6,-0.1
218,172,Al Harrington,C,32,ORL,10,119,10.3,.434,.526,.070,5.7,19.9,12.8,13.7,1.8,0.6,10.6,25.1,,-0.1,0.1,0.0,-0.012,,-1.7,-2.1,-3.8,-0.1
227,177,Spencer Hawes,C,24,PHI,82,2233,16.0,.514,.107,.194,8.5,21.7,14.9,13.5,0.6,3.9,13.0,20.9,,1.7,2.8,4.5,.096,,-1.5,1.5,-0.1,1.1
228,178,Chuck Hayes,C,29,SAC,74,1209,10.7,.469,.005,.253,10.5,18.2,14.2,13.1,1.3,1.2,17.2,9.4,,1.1,0.4,1.5,.060,,-1.5,0.8,-0.7,0.4
232,181,Brendan Haywood,C,33,CHA,61,1162,8.7,.441,.005,.306,12.0,16.7,14.3,3.9,0.7,3.4,16.9,11.5,,-0.2,0.4,0.1,.006,,-4.3,-0.3,-4.6,-0.8
236,185,Roy Hibbert,C,26,IND,79,2269,17.3,.489,.005,.261,14.8,17.4,16.1,8.9,0.9,6.7,14.5,22.5,,1.3,4.9,6.1,.129,,-1.9,3.8,1.9,2.2
237,186,J.J. Hickson,C,24,POR,80,2323,19.7,.591,.003,.360,13.2,28.5,20.7,6.6,1.1,1.7,14.4,19.9,,4.6,2.3,6.9,.142,,-0.2,0.0,-0.3,1.0
246,195,Ryan Hollins,C,28,LAC,60,663,11.3,.674,.000,.772,9.1,15.7,12.5,2.4,0.5,4.3,22.4,13.6,,1.0,0.8,1.7,.125,,-2.2,0.3,-1.9,0.0
248,197,Al Horford,C,26,ATL,74,2756,19.8,.560,.006,.196,8.2,23.0,15.7,15.3,1.5,2.2,11.3,21.8,,4.7,4.1,8.8,.153,,0.7,2.4,3.1,3.5
249,198,Dwight Howard,C,27,LAL,76,2722,19.4,.573,.007,.887,10.4,27.4,19.1,6.6,1.6,4.9,16.6,22.2,,2.8,4.8,7.6,.134,,-1.5,2.8,1.3,2.3
262,210,Bernard James,C,27,DAL,46,457,14.7,.541,.019,.398,12.9,18.9,16.0,1.9,1.3,6.5,12.9,13.9,,0.5,0.7,1.2,.125,,-2.8,1.6,-1.2,0.1
267,215,Al Jefferson,C,28,UTA,78,2578,20.9,.522,.014,.176,7.0,25.9,16.3,12.0,1.6,2.7,7.3,25.3,,4.3,3.3,7.7,.143,,0.5,1.0,1.5,2.2
278,223,Chris Johnson,C,27,MIN,30,284,18.4,.650,.000,.453,7.8,16.6,12.1,4.9,1.3,7.6,12.6,16.2,,0.6,0.4,1.0,.176,,-1.2,3.1,1.9,0.3
296,239,DeAndre Jordan,C,24,LAC,82,2010,17.2,.606,.000,.510,12.7,22.4,17.6,2.2,1.3,4.7,14.3,15.9,,3.0,3.2,6.2,.148,,-0.8,1.1,0.3,1.2
302,242,Chris Kaman,C,30,DAL,66,1363,16.3,.529,.002,.138,8.1,22.1,15.2,6.6,1.1,3.0,13.6,25.3,,0.0,1.6,1.6,.058,,-3.2,-0.5,-3.7,-0.6
303,243,Enes Kanter,C,20,UTA,70,1078,17.6,.588,.003,.309,14.5,18.6,16.5,5.0,1.4,2.3,19.0,22.4,,1.2,1.0,2.3,.101,,-0.9,-1.2,-2.1,0.0
310,250,Kosta Koufos,C,23,DEN,81,1817,17.2,.585,.002,.205,13.3,21.2,17.3,2.6,1.2,4.4,8.7,14.5,,3.9,2.5,6.5,.171,,0.4,1.1,1.5,1.6
311,251,Viacheslav Kravtsov,C,25,DET,25,224,14.4,.618,.000,.804,12.1,11.0,11.6,6.6,1.2,3.2,18.4,15.5,,0.3,0.1,0.4,.086,,-0.7,-0.1,-0.9,0.1
322,260,Meyers Leonard,C,20,POR,69,1206,12.1,.596,.025,.321,7.6,17.1,12.3,4.3,0.5,2.4,13.4,13.9,,1.8,0.7,2.4,.097,,-2.2,-0.5,-2.6,-0.2
325,261,Jon Leuer,C,23,CLE,9,91,3.3,.359,.107,.214,6.1,10.7,8.3,8.5,1.1,0.0,14.0,17.5,,-0.2,0.0,-0.2,-0.092,,-6.4,-2.6,-9.1,-0.2
334,267,Brook Lopez,C,24,BRK,74,2253,24.7,.567,.001,.358,10.8,16.1,13.4,6.4,0.8,5.2,9.4,28.6,,6.4,2.6,9.0,.191,,1.4,0.0,1.4,1.9
335,268,Robin Lopez,C,24,NOH,82,2136,18.9,.573,.000,.288,12.4,13.4,12.9,5.3,0.8,5.0,12.0,20.0,,4.4,1.2,5.6,.126,,0.8,0.3,1.1,1.7
345,275,Ian Mahinmi,C,26,IND,80,1322,10.6,.497,.006,.520,9.9,16.2,13.1,3.3,1.6,3.7,18.5,17.1,,-0.4,2.6,2.3,.083,,-4.7,2.0,-2.7,-0.2
349,279,Kenyon Martin,C,35,NYK,18,431,13.9,.583,.000,.430,8.9,17.1,12.9,2.9,2.0,3.4,12.6,13.7,,0.6,0.6,1.2,.128,,-1.2,1.8,0.5,0.3
360,287,JaVale McGee,C,25,DEN,79,1433,20.7,.589,.002,.353,12.6,17.1,14.9,2.7,1.1,8.5,12.9,21.1,,2.7,2.2,4.9,.163,,-0.5,2.0,1.5,1.2
369,291,Fab Melo,C,22,BOS,6,36,4.9,.451,.000,.667,0.0,9.6,4.9,0.0,2.9,4.4,11.4,11.5,,0.0,0.1,0.0,.021,,-7.5,1.7,-5.8,0.0
372,294,Darko Miličić,C,27,BOS,1,5,-30.2,.000,.000,.000,0.0,22.9,11.8,0.0,0.0,0.0,66.7,28.4,,-0.1,0.0,-0.1,-0.779,,-33.0,-3.1,-36.1,0.0
380,301,Nazr Mohammed,C,35,CHI,63,693,10.8,.414,.011,.261,12.0,20.4,16.2,5.8,1.6,3.5,10.7,14.9,,0.0,1.2,1.2,.082,,-4.6,1.8,-2.8,-0.1
381,302,Greg Monroe,C,22,DET,81,2687,19.5,.527,.004,.371,9.9,23.6,16.7,18.6,2.1,1.6,16.0,24.8,,2.7,3.2,5.9,.105,,0.6,1.8,2.4,3.0
393,310,Timofey Mozgov,C,26,DEN,41,366,12.3,.549,.023,.299,15.6,17.1,16.4,3.4,0.8,3.8,20.3,14.6,,0.3,0.4,0.7,.096,,-1.9,0.2,-1.6,0.0
401,318,Joakim Noah,C,27,CHI,66,2426,18.1,.534,.008,.376,12.2,22.6,17.3,17.6,1.7,4.4,19.3,17.2,,2.7,4.7,7.3,.145,,0.1,5.1,5.2,4.4
405,321,Jermaine O'Neal,C,34,PHO,55,1029,16.7,.538,.000,.310,8.9,23.8,16.2,6.8,0.9,5.7,14.8,21.4,,0.7,1.3,2.0,.092,,-3.3,1.3,-2.0,0.0
406,322,Kyle O'Quinn,C,22,ORL,57,638,15.8,.535,.005,.228,11.5,25.5,18.5,13.1,0.9,3.1,14.6,18.1,,0.7,0.7,1.4,.107,,-1.9,1.0,-0.9,0.2
408,324,Tim Ohlbrecht,C,24,HOU,3,12,-6.1,.436,.000,.333,0.0,9.3,4.7,11.8,4.2,0.0,53.8,27.1,,-0.1,0.0,-0.1,-0.369,,-16.9,1.1,-15.8,0.0
409,325,Emeka Okafor,C,30,WAS,79,2052,15.8,.496,.000,.278,10.7,26.8,18.7,7.9,1.1,3.0,12.2,19.5,,0.7,3.7,4.5,.104,,-3.2,2.0,-1.1,0.5
410,326,Daniel Orton,C,22,OKC,13,104,14.0,.493,.000,.654,15.5,13.4,14.3,5.7,2.0,2.2,10.7,16.4,,0.1,0.1,0.3,.135,,-1.1,-0.2,-1.3,0.0
412,328,Zaza Pachulia,C,28,ATL,52,1134,13.1,.534,.012,.427,13.5,20.3,17.0,10.3,1.6,0.8,19.6,14.6,,1.2,1.5,2.7,.116,,-1.6,1.6,0.0,0.6
427,336,Nikola Peković,C,27,MIN,62,1959,20.2,.572,.000,.437,13.0,19.0,15.9,4.9,1.1,2.0,10.3,22.5,,4.6,2.1,6.7,.163,,0.8,-0.5,0.3,1.2
428,337,Kendrick Perkins,C,28,OKC,78,1954,8.2,.479,.003,.230,7.0,19.5,13.7,7.9,1.1,3.2,24.0,10.6,,-0.5,3.0,2.5,.062,,-3.3,2.9,-0.4,0.8
429,338,Johan Petro,C,27,ATL,31,352,11.0,.468,.036,.109,10.9,25.3,18.2,7.1,1.5,2.0,17.2,18.3,,-0.2,0.6,0.4,.048,,-5.4,0.7,-4.8,-0.2
433,341,Dexter Pittman,C,24,TOT,11,32,1.6,.325,.000,.273,27.2,18.5,22.7,0.0,0.0,0.0,19.6,22.4,,-0.1,0.0,-0.1,-0.107,,-9.7,-8.2,-17.9,-0.1
434,341,Dexter Pittman,C,24,MIA,4,12,17.0,.600,.000,.000,43.5,29.1,35.9,0.0,0.0,0.0,28.6,27.9,,0.0,0.0,0.0,.114,,-3.6,-11.8,-15.5,0.0
435,341,Dexter Pittman,C,24,MEM,7,20,-7.7,.137,.000,.500,17.4,12.0,14.8,0.0,0.0,0.0,12.0,19.2,,-0.1,0.0,-0.1,-0.239,,-13.4,-6.0,-19.4,-0.1
436,342,Miles Plumlee,C,24,IND,14,55,8.8,.286,.000,.190,24.8,19.9,22.3,5.7,0.0,4.0,11.6,21.4,,-0.1,0.1,0.0,-0.015,,-7.1,-0.6,-7.8,-0.1
444,348,Joel Przybilla,C,33,MIL,12,68,3.3,.205,.000,.500,7.6,26.2,16.6,7.6,0.7,2.1,45.0,5.7,,-0.1,0.1,0.0,-0.005,,-8.2,2.6,-5.6,-0.1
468,367,Robert Sacre,C,23,LAL,32,203,3.4,.407,.000,.229,5.0,13.2,9.2,4.3,0.0,3.6,15.9,13.8,,-0.2,0.1,-0.1,-0.024,,-7.3,-0.2,-7.5,-0.3
470,369,Samardo Samuels,C,24,CLE,18,196,6.2,.411,.017,.400,5.6,11.2,8.3,6.3,0.8,1.2,7.8,17.4,,-0.1,0.0,-0.1,-0.016,,-5.3,-2.5,-7.7,-0.3
471,370,Larry Sanders,C,24,MIL,71,1937,18.7,.523,.003,.225,12.0,25.8,18.6,6.8,1.4,7.6,11.6,16.9,,2.3,3.7,6.0,.149,,-1.8,4.3,2.5,2.2
476,375,Kevin Séraphin,C,23,WAS,79,1721,10.3,.478,.000,.123,6.8,15.5,11.1,6.1,0.7,2.7,14.7,23.5,,-2.1,2.2,0.1,.004,,-5.6,-0.1,-5.7,-1.6
481,380,Henry Sims,C,22,NOH,2,5,29.2,.667,.000,.000,46.8,0.0,23.8,0.0,0.0,0.0,25.0,37.2,,0.0,0.0,0.0,.061,,4.1,-13.2,-9.1,0.0
488,384,Greg Smith,C,22,HOU,70,1110,16.1,.636,.004,.474,11.5,21.2,16.4,3.5,0.8,2.7,11.0,14.7,,2.8,1.2,4.0,.172,,-0.4,-0.1,-0.5,0.4
493,387,Jason Smith,C,26,NOH,51,876,16.8,.544,.012,.299,8.6,16.9,12.7,7.0,0.9,4.3,12.5,23.4,,1.1,0.6,1.7,.095,,-1.5,-0.6,-2.1,0.0
496,390,Marreese Speights,C,25,TOT,79,1300,17.3,.498,.017,.300,12.7,22.3,17.4,6.5,1.0,3.3,10.8,25.8,,1.1,1.7,2.8,.104,,-2.4,-1.1,-3.5,-0.5
497,390,Marreese Speights,C,25,MEM,40,579,16.1,.474,.020,.271,15.2,23.5,19.3,5.5,0.9,3.8,11.2,24.8,,0.3,1.1,1.4,.116,,-3.1,-0.1,-3.2,-0.2
498,390,Marreese Speights,C,25,CLE,39,721,18.2,.515,.015,.320,10.7,21.4,15.8,7.4,1.0,2.9,10.5,26.6,,0.9,0.6,1.4,.094,,-1.9,-2.0,-3.8,-0.3
503,395,Greg Stiemsma,C,27,MIN,76,1209,10.5,.498,.000,.248,5.6,19.5,12.3,3.9,1.9,5.8,16.1,13.6,,-0.3,2.0,1.7,.069,,-5.1,3.7,-1.4,0.2
520,409,Hasheem Thabeet,C,25,OKC,66,770,11.6,.619,.000,.500,11.1,17.5,14.5,2.0,2.0,5.9,24.1,10.1,,0.7,1.5,2.2,.134,,-2.1,3.0,0.8,0.5
536,422,Ronny Turiaf,C,30,LAC,65,701,9.4,.485,.000,.649,7.8,17.9,12.9,6.8,1.4,4.2,18.9,10.0,,0.1,1.0,1.1,.075,,-3.5,2.9,-0.5,0.3
539,425,Jeremy Tyler,C,21,TOT,21,68,6.2,.413,.000,.250,10.0,22.3,16.3,2.3,0.7,2.3,18.4,21.5,,-0.2,0.1,-0.1,-0.049,,-9.5,-2.4,-11.9,-0.2
540,425,Jeremy Tyler,C,21,GSW,20,63,6.1,.413,.000,.250,10.8,18.7,14.9,2.5,0.8,2.5,18.4,23.2,,-0.2,0.1,-0.1,-0.063,,-9.1,-2.4,-11.5,-0.2
541,425,Jeremy Tyler,C,21,ATL,1,5,8.5,,,,0.0,67.7,34.3,0.0,0.0,0.0,,0.0,,0.0,0.0,0.0,.122,,-13.8,-2.6,-16.4,0.0
542,426,Ekpe Udoh,C,25,MIL,76,1312,12.0,.503,.004,.442,8.9,11.7,10.3,4.7,1.5,4.7,11.8,12.1,,1.1,1.5,2.7,.098,,-2.8,2.4,-0.5,0.5
546,428,Jonas Valančiūnas,C,20,TOR,62,1482,15.6,.619,.000,.505,9.6,20.5,14.9,5.0,0.6,4.2,17.4,16.9,,2.5,1.5,3.9,.127,,-1.3,0.9,-0.5,0.6
547,429,Anderson Varejão,C,30,CLE,25,901,21.7,.529,.017,.353,16.9,30.1,23.2,15.4,2.1,1.3,11.6,18.7,,2.2,1.1,3.3,.173,,2.4,2.2,4.6,1.5
554,434,Nikola Vučević,C,22,ORL,77,2559,17.8,.534,.003,.142,12.0,28.4,20.2,9.3,1.2,2.4,13.0,19.3,,2.8,2.9,5.7,.106,,-0.9,1.4,0.4,1.6
560,440,Rasheed Wallace,C,38,NYK,21,296,16.7,.484,.486,.141,4.2,29.4,16.4,3.5,2.3,4.4,6.2,25.4,,0.1,0.6,0.6,.101,,-2.3,-0.8,-3.2,-0.1
576,451,Chris Wilcox,C,30,BOS,61,830,15.3,.725,.007,.379,8.1,17.3,12.8,4.2,2.0,2.7,16.0,12.1,,1.8,1.3,3.1,.181,,-0.5,1.7,1.2,0.7
587,461,Brandan Wright,C,25,DAL,64,1149,21.0,.606,.007,.238,8.4,16.7,12.6,5.6,1.2,5.2,7.1,19.0,,2.8,1.3,4.1,.172,,0.5,1.1,1.6,1.0
594,468,Luke Zeller,C,25,PHO,16,58,5.6,.365,.192,.000,1.9,18.0,9.8,8.4,0.0,0.0,0.0,19.9,,-0.1,0.0,-0.1,-0.047,,-6.2,-4.2,-10.4,-0.1
595,469,Tyler Zeller,C,23,CLE,77,2033,11.0,.486,.007,.281,8.7,16.7,12.5,7.4,0.9,2.8,13.1,15.9,,0.8,1.2,2.0,.048,,-2.7,0.4,-2.3,-0.1
