,Rk,Player,Pos,Age,Tm,G,MP,PER,TS%,3PAr,FTr,ORB%,DRB%,TRB%,AST%,STL%,BLK%,TOV%,USG%,Unnamed: 19,OWS,DWS,WS,WS/48,Unnamed: 24,OBPM,DBPM,BPM,VORP
3,2,Steven Adams,C,20,OKC,81,1197,11.2,.541,.000,.735,14.1,17.1,15.6,4.9,1.7,3.9,22.5,11.7,,0.9,1.9,2.9,.114,,-2.1,2.4,0.3,0.7
8,5,Alexis Ajinça,C,25,NOP,56,951,14.6,.589,.004,.269,11.3,22.7,16.9,6.6,1.3,4.1,18.4,16.3,,1.2,0.9,2.1,.104,,-1.5,0.8,-0.7,0.3
9,6,Cole Aldrich,C,25,NYK,46,330,19.1,.620,.000,.492,12.8,33.8,23.0,6.4,1.3,8.1,19.5,13.0,,0.6,0.6,1.2,.178,,-2.6,3.8,1.2,0.3
20,13,Chris Andersen,C,35,MIA,72,1396,18.5,.683,.044,.615,12.1,21.7,17.1,2.1,1.2,6.1,13.2,13.8,,3.8,2.2,6.0,.205,,0.1,1.5,1.6,1.3
26,19,Joel Anthony,C,31,TOT,33,186,8.1,.394,.000,.250,9.1,14.6,11.8,1.6,0.8,5.2,7.8,9.3,,0.0,0.2,0.2,.044,,-5.7,1.0,-4.7,-0.1
27,19,Joel Anthony,C,31,MIA,12,37,8.0,.436,.000,.333,7.1,16.4,11.9,0.0,0.0,9.4,12.7,10.2,,0.0,0.0,0.0,.049,,-7.3,0.8,-6.6,0.0
28,19,Joel Anthony,C,31,BOS,21,149,8.1,.384,.000,.231,9.6,14.1,11.8,1.9,1.0,4.1,6.5,9.1,,0.0,0.1,0.1,.043,,-5.3,1.1,-4.2,-0.1
29,20,Pero Antić,C,31,ATL,50,925,11.7,.545,.582,.224,7.2,18.9,13.1,9.8,1.0,1.0,14.5,18.6,,0.5,0.9,1.4,.075,,-0.5,-0.9,-1.4,0.1
32,22,Hilton Armstrong,C,29,GSW,15,97,17.0,.480,.000,.842,21.8,31.0,26.5,7.1,2.1,3.1,18.7,14.5,,0.1,0.2,0.3,.162,,-2.5,3.1,0.6,0.1
34,24,Ömer Aşık,C,27,HOU,48,968,14.0,.570,.000,.663,12.3,30.1,21.7,3.8,0.7,2.8,19.4,13.8,,1.0,1.5,2.4,.121,,-3.1,0.7,-2.4,-0.1
38,26,Gustavo Ayón,C,28,ATL,26,429,12.9,.505,.000,.196,11.4,22.3,16.9,10.0,3.0,1.8,20.7,14.8,,0.0,0.7,0.7,.078,,-3.2,3.0,-0.2,0.2
44,32,Andrea Bargnani,C,28,NYK,42,1257,14.5,.510,.215,.203,6.3,14.7,10.4,6.1,0.6,3.7,9.6,22.4,,0.8,0.7,1.5,.058,,-1.4,-1.0,-2.4,-0.1
54,40,Aron Baynes,C,27,SAS,53,491,9.7,.467,.000,.129,13.6,19.4,16.6,9.9,0.2,0.7,17.3,19.2,,-0.1,0.6,0.6,.055,,-3.7,-0.3,-4.0,-0.2
64,47,Andris Biedriņš,C,27,UTA,6,45,2.4,.412,.000,6.000,5.0,39.7,21.8,0.0,0.0,0.0,35.5,5.7,,-0.1,0.0,0.0,-0.033,,-10.7,-4.3,-15.0,-0.1
66,49,Bismack Biyombo,C,21,CHA,77,1072,13.3,.606,.000,.618,11.0,27.6,19.3,1.1,0.3,6.3,17.9,9.6,,1.1,2.1,3.2,.144,,-4.7,2.2,-2.5,-0.1
75,56,Andrew Bogut,C,29,GSW,67,1769,17.0,.610,.000,.171,11.4,29.7,20.7,9.3,1.3,5.2,19.4,12.4,,2.4,4.0,6.5,.176,,-1.2,5.6,4.4,2.8
79,60,Chris Bosh,C,29,MIA,79,2531,19.0,.597,.229,.285,5.1,20.3,13.0,5.8,1.7,2.7,10.4,22.6,,4.6,3.4,8.0,.152,,0.5,0.0,0.5,1.6
82,62,Elton Brand,C,34,ATL,73,1414,14.0,.561,.006,.283,8.0,21.5,14.8,8.1,1.4,4.9,13.8,13.9,,1.4,2.1,3.6,.121,,-2.7,3.1,0.5,0.9
109,78,Andrew Bynum,C,26,TOT,26,516,15.2,.456,.000,.218,11.4,20.3,15.8,9.7,0.6,4.7,12.1,24.3,,-0.2,0.6,0.4,.038,,-4.1,0.6,-3.4,-0.2
110,78,Andrew Bynum,C,26,CLE,24,480,14.8,.456,.000,.207,10.7,18.9,14.7,9.6,0.6,4.9,11.9,23.4,,-0.2,0.5,0.4,.036,,-4.0,0.8,-3.1,-0.1
111,78,Andrew Bynum,C,26,IND,2,36,19.9,.459,.000,.318,19.7,38.8,29.7,11.2,0.0,2.1,13.8,36.9,,0.0,0.1,0.0,.063,,-5.7,-1.7,-7.4,0.0
123,89,Tyson Chandler,C,31,NYK,55,1662,16.4,.615,.003,.481,10.9,27.0,18.7,5.5,1.2,3.4,15.4,12.9,,3.1,1.9,4.9,.143,,-0.6,1.8,1.3,1.4
133,97,Jason Collins,C,35,BRK,22,172,4.1,.485,.125,.167,4.9,8.3,6.6,3.5,2.4,0.5,21.4,8.9,,-0.1,0.1,0.1,.017,,-4.1,0.5,-3.6,-0.1
139,102,DeMarcus Cousins,C,23,SAC,71,2298,26.1,.555,.006,.500,10.6,30.5,20.4,17.8,2.4,3.2,14.7,32.7,,4.1,3.8,7.9,.166,,1.9,2.9,4.7,3.9
155,112,Samuel Dalembert,C,32,DAL,80,1614,16.8,.605,.003,.363,14.4,24.2,19.4,3.4,1.3,4.8,17.1,14.8,,2.9,2.1,4.9,.147,,-0.9,1.5,0.6,1.1
171,121,Dewayne Dedmon,C,24,TOT,31,390,10.7,.500,.000,.386,10.7,25.8,18.1,1.9,0.9,4.5,15.6,13.1,,0.1,0.5,0.6,.070,,-6.0,0.0,-6.0,-0.4
172,121,Dewayne Dedmon,C,24,GSW,4,6,-5.1,.266,.000,2.000,0.0,0.0,0.0,0.0,0.0,0.0,0.0,13.8,,0.0,0.0,0.0,-0.107,,-10.1,-3.1,-13.3,0.0
173,121,Dewayne Dedmon,C,24,PHI,11,150,8.7,.533,.000,.448,7.6,28.5,17.6,2.9,0.0,4.8,20.6,12.3,,0.0,0.1,0.1,.035,,-7.4,-0.5,-7.9,-0.2
174,121,Dewayne Dedmon,C,24,ORL,16,234,12.5,.488,.000,.321,13.0,24.8,18.9,1.3,1.5,4.4,13.0,13.5,,0.1,0.4,0.5,.096,,-5.1,0.4,-4.6,-0.2
181,126,Gorgui Dieng,C,24,MIN,60,818,16.5,.534,.004,.410,13.4,26.9,20.0,7.2,1.8,4.6,16.8,16.8,,0.7,1.5,2.2,.129,,-2.4,3.1,0.7,0.5
187,130,Andre Drummond,C,20,DET,81,2619,22.6,.599,.003,.427,17.5,27.7,22.3,2.2,2.0,4.0,10.7,16.7,,6.4,3.5,9.9,.182,,1.1,0.5,1.6,2.4
189,132,Tim Duncan,C,37,SAS,74,2158,21.3,.535,.006,.349,8.6,28.3,18.8,16.0,1.0,4.6,13.2,25.2,,2.8,4.6,7.4,.164,,-0.9,4.0,3.2,2.8
195,138,Melvin Ely,C,35,NOP,2,27,3.9,.500,.000,.000,0.0,4.4,2.2,0.0,0.0,3.1,0.0,10.1,,0.0,0.0,0.0,.011,,-4.9,-2.8,-7.6,0.0
204,144,Vítor Faverani,C,25,BOS,37,488,11.0,.502,.272,.252,9.5,20.6,14.9,5.2,1.5,4.3,20.1,18.6,,-0.3,0.7,0.3,.031,,-4.2,1.1,-3.1,-0.1
216,154,Joel Freeland,C,26,POR,52,727,11.3,.498,.012,.179,13.2,17.6,15.4,7.1,0.7,2.1,15.5,12.4,,0.7,0.7,1.4,.093,,-1.8,1.1,-0.7,0.2
219,157,Kevin Garnett,C,37,BRK,54,1109,13.3,.467,.008,.132,6.5,32.1,19.3,12.4,2.0,3.0,15.5,18.9,,-0.7,1.9,1.2,.054,,-4.7,2.8,-1.9,0.0
221,159,Marc Gasol,C,29,MEM,59,1970,18.2,.526,.015,.339,5.0,20.5,12.7,17.7,1.6,3.2,12.0,21.7,,2.6,3.1,5.6,.137,,0.0,2.9,2.9,2.4
222,160,Pau Gasol,C,33,LAL,60,1884,19.3,.522,.016,.287,7.0,25.9,16.4,18.7,0.7,3.5,12.4,26.4,,1.3,1.7,3.0,.076,,-1.0,1.6,0.6,1.3
231,166,Rudy Gobert,C,21,UTA,45,434,12.9,.507,.000,.878,13.1,28.5,20.6,2.4,1.0,7.4,23.8,14.2,,-0.2,0.6,0.4,.045,,-6.1,1.8,-4.3,-0.3
233,168,Drew Gooden,C,32,WAS,22,395,18.4,.591,.119,.189,10.7,23.0,16.7,6.3,1.3,1.5,9.9,19.7,,0.9,0.6,1.4,.173,,-0.2,-0.8,-0.9,0.1
237,172,Marcin Gortat,C,29,WAS,81,2655,17.6,.568,.001,.273,8.7,25.1,16.7,8.4,0.8,3.8,11.8,18.2,,4.1,4.0,8.1,.146,,-1.1,2.1,1.0,2.0
241,174,Aaron Gray,C,29,TOT,37,355,7.8,.466,.016,.328,13.2,22.3,17.7,9.1,1.4,1.8,30.8,12.5,,-0.3,0.4,0.1,.016,,-4.3,1.7,-2.6,-0.1
242,174,Aaron Gray,C,29,TOR,4,20,5.7,.644,.000,.667,17.4,29.3,23.3,23.1,0.0,0.0,50.8,17.9,,0.0,0.0,0.0,-0.007,,-4.7,0.7,-4.0,0.0
243,174,Aaron Gray,C,29,SAC,33,335,7.9,.455,.017,.310,13.0,21.8,17.4,8.2,1.5,1.9,29.1,12.2,,-0.2,0.4,0.1,.018,,-4.2,1.7,-2.5,0.0
255,183,Justin Hamilton,C,23,TOT,8,72,11.9,.586,.450,.250,7.2,5.0,6.1,0.0,3.6,0.0,15.3,17.4,,0.1,0.1,0.1,.089,,-1.2,-2.8,-4.0,0.0
256,183,Justin Hamilton,C,23,CHA,1,4,0.0,,,,0.0,0.0,0.0,0.0,13.0,0.0,100.0,11.5,,0.0,0.0,0.0,-0.190,,-13.0,12.9,-0.1,0.0
257,183,Justin Hamilton,C,23,MIA,7,68,12.6,.586,.450,.250,7.7,5.3,6.5,0.0,3.1,0.0,11.9,17.7,,0.1,0.1,0.1,.105,,-0.5,-3.7,-4.2,0.0
262,188,Josh Harrellson,C,24,DET,32,317,13.4,.547,.378,.085,9.8,16.7,13.1,6.9,1.0,3.8,10.5,12.8,,0.5,0.2,0.7,.108,,-0.5,0.2,-0.2,0.1
270,196,Spencer Hawes,C,25,TOT,80,2470,15.7,.554,.349,.172,5.6,24.2,14.6,15.8,0.9,3.1,15.4,19.6,,2.2,2.3,4.5,.088,,-0.4,0.9,0.5,1.6
271,196,Spencer Hawes,C,25,PHI,53,1666,15.3,.546,.346,.172,5.5,24.6,14.7,16.9,0.9,3.2,15.9,19.0,,1.2,1.4,2.6,.075,,-0.8,0.8,0.0,0.8
272,196,Spencer Hawes,C,25,CLE,27,804,16.6,.571,.354,.172,5.9,23.6,14.5,13.5,0.8,2.8,14.5,20.7,,1.0,0.9,1.9,.114,,0.6,1.0,1.6,0.7
273,197,Chuck Hayes,C,30,TOT,61,754,10.0,.468,.008,.192,10.5,21.8,16.1,6.8,2.3,1.3,19.0,10.4,,0.2,1.2,1.4,.086,,-3.1,2.5,-0.6,0.3
274,197,Chuck Hayes,C,30,SAC,16,179,11.4,.470,.000,.219,12.5,17.2,14.8,4.9,3.1,0.9,16.6,10.4,,0.1,0.2,0.3,.081,,-2.2,1.8,-0.4,0.1
275,197,Chuck Hayes,C,30,TOR,45,575,9.6,.467,.010,.184,9.9,23.2,16.5,7.5,2.1,1.4,19.7,10.4,,0.1,0.9,1.1,.088,,-3.4,2.7,-0.7,0.2
281,202,Roy Hibbert,C,27,IND,81,2409,13.5,.499,.007,.357,9.9,15.0,12.5,6.2,0.6,5.7,14.5,19.4,,0.5,5.0,5.4,.108,,-3.4,3.3,-0.2,1.1
291,212,Al Horford,C,27,ATL,29,958,22.0,.588,.026,.202,8.0,21.4,14.8,15.2,1.4,3.6,12.3,24.7,,1.5,1.3,2.8,.141,,0.8,2.0,2.8,1.1
292,213,Dwight Howard,C,28,HOU,71,2396,21.3,.600,.009,.798,11.4,27.9,20.1,9.3,1.2,4.0,17.5,24.0,,4.0,4.1,8.0,.161,,-0.3,2.2,1.9,2.4
304,224,Bernard James,C,28,DAL,30,146,8.5,.503,.043,.478,12.0,21.2,16.6,2.8,1.1,4.5,26.4,11.8,,0.0,0.2,0.1,.040,,-4.8,1.1,-3.7,-0.1
312,230,Al Jefferson,C,29,CHA,73,2553,22.7,.532,.011,.201,6.9,28.3,17.5,12.8,1.4,2.4,7.6,29.3,,3.1,4.7,7.8,.146,,0.3,1.5,1.8,2.5
331,246,DeAndre Jordan,C,25,LAC,82,2870,18.2,.630,.000,.726,13.3,29.3,21.6,3.7,1.4,5.4,15.3,12.4,,5.3,5.8,11.1,.186,,-0.1,4.2,4.1,4.4
333,248,Chris Kaman,C,31,LAL,39,736,17.0,.537,.009,.197,7.8,25.4,16.6,14.1,0.7,3.9,16.4,26.7,,-0.2,0.7,0.5,.036,,-3.1,0.7,-2.4,-0.1
334,249,Enes Kanter,C,21,UTA,80,2138,15.6,.523,.001,.239,11.6,20.9,16.1,6.4,0.7,1.5,13.3,23.3,,1.3,0.9,2.2,.050,,-2.1,-1.8,-3.9,-1.0
341,256,Kosta Koufos,C,24,MEM,80,1349,16.5,.514,.000,.203,14.0,22.7,18.4,4.7,1.3,4.4,11.8,19.4,,1.3,2.2,3.5,.124,,-2.1,1.2,-0.9,0.4
342,257,Viacheslav Kravtsov,C,26,PHO,20,59,10.5,.540,.000,.533,17.2,15.2,16.2,2.5,0.0,1.3,24.5,18.3,,0.0,0.0,0.0,.027,,-4.1,-3.1,-7.2,-0.1
343,258,Ognjen Kuzmić,C,23,GSW,21,92,3.4,.420,.000,.846,12.1,12.8,12.5,2.9,1.6,3.3,35.9,13.3,,-0.2,0.1,0.0,-0.025,,-7.5,2.3,-5.2,-0.1
355,267,Alex Len,C,20,PHO,42,362,7.3,.469,.000,.397,12.1,18.6,15.3,1.6,0.6,3.8,22.1,14.3,,-0.2,0.4,0.2,.024,,-5.7,-0.2,-5.9,-0.4
357,269,Meyers Leonard,C,21,POR,40,355,9.4,.489,.066,.231,8.0,25.5,16.8,7.3,1.0,1.0,13.0,14.2,,0.2,0.5,0.6,.086,,-3.6,0.4,-3.3,-0.1
364,276,Brook Lopez,C,25,BRK,17,533,25.4,.629,.004,.502,8.8,14.1,11.5,6.1,0.9,4.8,9.1,27.1,,1.9,0.5,2.3,.211,,1.8,-0.7,1.1,0.4
365,277,Robin Lopez,C,25,POR,82,2603,17.7,.605,.002,.376,13.6,15.3,14.5,4.2,0.5,3.7,10.1,14.0,,7.0,2.6,9.5,.176,,1.4,1.6,3.0,3.3
371,282,Ian Mahinmi,C,27,IND,77,1248,10.2,.538,.005,.767,10.1,12.9,11.6,2.9,1.7,4.4,18.7,11.4,,0.7,2.7,3.3,.129,,-3.3,3.6,0.3,0.7
391,296,JaVale McGee,C,26,DEN,5,79,10.2,.455,.000,.026,13.6,9.6,11.6,4.4,0.6,6.5,17.2,25.0,,-0.1,0.1,-0.1,-0.039,,-5.8,-0.1,-5.9,-0.1
409,311,Nazr Mohammed,C,36,CHI,80,562,10.1,.445,.000,.238,13.6,21.7,17.7,5.8,1.3,4.1,21.0,14.5,,-0.4,1.2,0.8,.070,,-6.0,2.6,-3.3,-0.2
421,320,Timofey Mozgov,C,27,DEN,82,1770,16.7,.584,.044,.477,10.4,21.9,16.1,5.5,0.7,4.2,15.6,18.8,,2.6,1.9,4.5,.123,,-1.5,1.0,-0.5,0.7
424,322,Byron Mullens,C,24,TOT,45,414,12.8,.544,.539,.121,6.2,18.2,12.1,5.5,1.8,2.1,13.4,20.9,,0.1,0.4,0.5,.057,,-1.5,-1.8,-3.3,-0.1
425,322,Byron Mullens,C,24,LAC,27,167,7.8,.503,.609,.094,4.8,16.1,10.6,5.5,1.8,1.4,16.3,21.1,,-0.2,0.2,0.0,.012,,-2.8,-1.3,-4.1,-0.1
426,322,Byron Mullens,C,24,PHI,18,247,16.1,.569,.495,.139,7.2,19.6,13.1,5.5,1.8,2.6,11.6,20.8,,0.2,0.2,0.4,.087,,-0.7,-2.1,-2.8,0.0
427,323,Erik Murphy,C,23,CHI,24,62,0.2,.231,.231,.000,3.7,10.8,7.3,4.9,0.0,5.0,13.3,11.2,,-0.2,0.1,-0.1,-0.055,,-9.8,1.8,-8.1,-0.1
430,326,Hamady N'Diaye,C,27,SAC,14,74,2.9,.318,.000,.111,7.5,20.1,13.7,5.6,0.0,4.4,24.1,7.4,,-0.1,0.1,0.0,-0.008,,-6.7,2.1,-4.6,0.0
438,332,Joakim Noah,C,28,CHI,80,2820,20.0,.531,.003,.419,11.6,24.5,18.2,26.4,1.9,3.3,17.0,18.7,,4.5,6.6,11.2,.190,,1.1,5.5,6.6,6.1
445,337,Kyle O'Quinn,C,23,ORL,69,1188,16.5,.526,.008,.224,9.5,25.2,17.3,10.9,1.7,5.8,16.1,18.6,,0.5,2.0,2.5,.101,,-3.1,3.6,0.5,0.7
446,338,Greg Oden,C,26,MIA,23,212,12.4,.567,.000,.469,14.2,17.7,16.0,0.7,1.7,5.3,16.9,16.0,,0.2,0.3,0.5,.119,,-3.3,-0.3,-3.6,-0.1
448,340,Kelly Olynyk,C,22,BOS,70,1400,15.2,.546,.227,.243,11.0,18.8,14.8,13.1,1.3,1.5,16.0,21.0,,1.5,1.4,2.9,.101,,0.3,0.2,0.5,0.9
453,342,Daniel Orton,C,23,PHI,22,251,10.5,.540,.000,.638,6.6,20.2,13.1,8.5,1.2,5.1,23.0,13.2,,0.0,0.2,0.3,.049,,-5.7,1.6,-4.1,-0.1
455,344,Zaza Pachulia,C,29,MIL,53,1325,14.0,.502,.003,.372,11.8,17.1,14.4,16.3,1.8,0.9,18.5,17.0,,1.0,0.7,1.7,.060,,-1.0,0.3,-0.7,0.4
463,350,Nikola Peković,C,28,MIN,54,1663,20.7,.582,.000,.355,13.1,17.6,15.3,5.2,0.9,1.1,9.4,22.9,,4.3,1.5,5.9,.169,,1.4,-1.2,0.2,0.9
464,351,Kendrick Perkins,C,29,OKC,62,1207,6.3,.474,.005,.347,8.0,19.9,14.2,7.6,1.1,2.2,28.8,11.5,,-0.9,1.7,0.8,.031,,-4.7,2.1,-2.7,-0.2
466,353,Dexter Pittman,C,25,ATL,2,3,13.1,.000,.000,2.000,100.0,0.0,57.9,0.0,0.0,0.0,0.0,28.5,,0.0,0.0,0.0,-0.180,,-5.4,-17.3,-22.7,0.0
467,354,Mason Plumlee,C,23,BRK,70,1275,19.0,.670,.010,.646,9.3,19.6,14.5,8.1,2.0,3.6,16.6,17.1,,3.0,1.7,4.7,.176,,0.5,1.9,2.4,1.4
468,355,Miles Plumlee,C,25,PHO,80,1964,14.6,.529,.000,.239,11.3,24.4,17.9,3.3,1.3,3.5,15.4,16.2,,1.2,2.8,4.0,.098,,-2.8,1.3,-1.5,0.2
478,364,Miroslav Raduljica,C,26,MIL,48,465,15.3,.603,.000,.437,12.9,13.7,13.3,8.3,0.8,2.3,15.7,17.3,,1.0,0.1,1.1,.112,,-0.6,-1.8,-2.3,0.0
498,381,Robert Sacre,C,24,LAL,65,1089,12.1,.513,.000,.313,8.0,16.9,12.5,7.0,1.1,3.1,11.4,15.5,,0.7,0.7,1.4,.061,,-3.1,0.7,-2.3,-0.1
502,383,Larry Sanders,C,25,MIL,23,584,14.0,.478,.006,.340,11.4,21.3,16.2,5.3,1.6,5.6,12.3,16.4,,0.1,0.6,0.7,.057,,-3.3,1.6,-1.8,0.0
507,388,Kevin Séraphin,C,24,WAS,53,578,12.5,.533,.000,.141,10.5,15.3,12.8,4.9,0.3,3.7,14.9,21.5,,0.2,0.6,0.8,.066,,-4.1,-1.2,-5.2,-0.5
517,394,Henry Sims,C,23,TOT,46,875,16.1,.535,.004,.442,12.5,17.2,14.8,9.5,1.6,1.9,11.1,18.0,,1.4,0.7,2.1,.115,,-1.0,-0.3,-1.3,0.2
518,394,Henry Sims,C,23,CLE,20,168,10.7,.430,.000,.311,14.4,23.2,18.7,4.5,1.5,3.5,13.5,15.7,,0.0,0.2,0.2,.059,,-4.8,0.8,-4.1,-0.1
519,394,Henry Sims,C,23,PHI,26,707,17.4,.554,.004,.467,12.1,15.7,13.8,10.6,1.6,1.5,10.7,18.5,,1.5,0.4,1.9,.128,,0.0,-0.6,-0.6,0.3
525,400,Greg Smith,C,23,HOU,11,100,13.7,.629,.000,.179,13.0,16.8,15.0,0.0,0.5,1.5,14.2,15.4,,0.2,0.1,0.2,.119,,-2.8,-4.7,-7.5,-0.1
535,407,Marreese Speights,C,26,GSW,79,982,15.2,.507,.070,.303,11.4,20.6,16.1,5.3,0.5,2.6,11.6,25.4,,0.6,1.5,2.1,.103,,-3.9,-1.3,-5.2,-0.8
536,408,Tiago Splitter,C,29,SAS,59,1271,16.5,.572,.009,.500,11.4,20.5,16.1,10.1,1.2,1.8,15.1,17.7,,2.3,2.1,4.3,.163,,-0.1,2.1,1.9,1.3
539,411,Greg Stiemsma,C,28,NOP,55,1007,9.7,.584,.008,.262,8.2,18.0,13.0,5.0,1.8,4.7,24.4,8.1,,0.5,1.0,1.5,.072,,-2.3,2.9,0.6,0.7
541,413,Amar'e Stoudemire,C,31,NYK,65,1466,18.8,.596,.000,.364,8.7,17.2,12.8,4.2,0.8,2.2,12.3,23.4,,2.9,0.9,3.8,.124,,-0.8,-2.3,-3.1,-0.4
554,423,Hasheem Thabeet,C,26,OKC,23,192,2.6,.536,.000,.217,5.6,17.4,11.7,0.7,1.0,3.8,35.7,9.0,,-0.2,0.3,0.0,.012,,-6.8,1.0,-5.8,-0.2
573,436,Ronny Turiaf,C,31,MIN,31,606,13.9,.578,.000,.467,9.6,22.0,15.6,5.7,0.7,6.3,15.7,10.7,,0.6,0.9,1.5,.122,,-2.3,4.0,1.7,0.6
578,439,Jeremy Tyler,C,22,NYK,41,398,13.0,.532,.000,.414,10.9,21.6,16.1,3.3,0.8,4.5,15.9,19.1,,0.1,0.4,0.5,.064,,-4.3,-0.8,-5.1,-0.3
584,442,Jonas Valančiūnas,C,21,TOR,81,2282,16.1,.579,.001,.385,11.5,25.1,18.2,4.2,0.5,2.5,14.7,18.5,,3.5,3.2,6.7,.141,,-1.6,0.2,-1.4,0.3
585,443,Anderson Varejão,C,31,CLE,65,1800,17.0,.527,.015,.294,11.4,28.2,19.6,12.2,2.0,1.8,12.2,14.6,,2.7,2.7,5.4,.144,,-0.4,3.0,2.7,2.1
596,448,Nikola Vučević,C,23,ORL,57,1812,18.8,.536,.000,.197,11.5,27.6,19.5,10.2,1.7,2.0,12.9,21.8,,1.8,2.6,4.4,.116,,-1.0,1.5,0.5,1.2
623,472,Jeff Withey,C,23,NOP,58,684,15.2,.590,.008,.566,8.2,17.4,12.7,5.6,1.1,6.1,11.0,12.0,,1.2,0.6,1.8,.128,,-1.4,1.7,0.3,0.4
626,475,Brandan Wright,C,26,DAL,58,1077,23.5,.695,.000,.320,11.0,15.1,13.1,4.7,1.5,4.2,8.5,17.4,,4.1,1.0,5.1,.227,,3.1,0.6,3.6,1.5
633,481,Cody Zeller,C,21,CHA,82,1416,13.1,.498,.002,.495,9.4,18.8,14.1,10.4,1.5,2.3,15.0,18.9,,0.4,2.2,2.6,.090,,-3.2,1.8,-1.3,0.2
634,482,Tyler Zeller,C,24,CLE,70,1049,15.4,.581,.003,.417,10.8,19.6,15.1,5.6,0.9,3.0,14.9,17.1,,1.5,1.1,2.6,.120,,-1.9,0.2,-1.7,0.1
