,Rk,Player,Pos,Age,Tm,G,MP,PER,TS%,3PAr,FTr,ORB%,DRB%,TRB%,AST%,STL%,BLK%,TOV%,USG%,Unnamed: 19,OWS,DWS,WS,WS/48,Unnamed: 24,OBPM,DBPM,BPM,VORP
2,3,Steven Adams,C,21,OKC,70,1771,14.1,.549,.005,.514,12.2,19.3,15.8,5.5,1.1,3.8,16.8,14.3,,1.9,2.2,4.1,.111,,-1.4,1.8,0.4,1.1
7,6,Alexis Ajinça,C,26,NOP,68,957,19.9,.595,.000,.301,12.4,25.0,18.7,8.2,1.2,4.0,15.6,21.1,,1.9,1.2,3.2,.159,,-0.5,0.6,0.2,0.5
9,8,Cole Aldrich,C,26,NYK,61,976,18.1,.513,.000,.213,11.6,28.9,20.0,13.3,2.0,5.5,15.2,18.3,,0.8,1.4,2.2,.107,,-2.2,3.1,0.9,0.7
11,10,Lavoy Allen,C,25,IND,63,1070,14.9,.493,.000,.157,12.8,20.5,16.7,10.9,0.7,3.1,11.1,15.2,,1.3,1.6,2.8,.127,,-1.4,2.2,0.8,0.8
17,14,Chris Andersen,C,36,MIA,60,1132,16.1,.622,.063,.551,8.2,23.2,15.9,6.1,1.2,4.6,13.5,12.3,,2.1,1.5,3.6,.151,,-1.2,2.3,1.0,0.9
23,20,Joel Anthony,C,32,DET,49,406,14.7,.607,.000,.355,8.2,17.0,12.4,1.8,1.5,9.5,14.3,9.1,,0.5,0.7,1.2,.142,,-3.4,4.8,1.4,0.3
25,21,Pero Antić,C,32,ATL,63,1037,9.5,.508,.584,.416,6.6,14.0,10.4,6.9,0.9,1.1,12.3,17.6,,0.5,1.0,1.5,.070,,-1.3,-1.4,-2.7,-0.2
28,24,Ömer Aşık,C,28,NOP,76,1982,15.5,.545,.000,.546,14.0,28.8,21.4,5.4,0.8,2.1,15.7,14.0,,2.8,2.2,5.0,.120,,-1.3,0.6,-0.7,0.6
37,31,Andrea Bargnani,C,29,NYK,29,785,16.6,.527,.114,.296,4.6,14.4,9.3,11.3,0.1,2.9,9.3,26.4,,0.8,0.2,0.9,.058,,-1.0,-2.7,-3.7,-0.3
40,34,Earl Barron,C,33,PHO,16,143,5.0,.361,.103,.308,10.6,10.8,10.7,4.9,1.4,1.1,10.1,15.1,,-0.1,0.1,0.0,-0.011,,-5.0,-0.9,-5.9,-0.1
47,39,Aron Baynes,C,28,SAS,70,1122,15.9,.618,.012,.318,11.2,20.7,16.1,4.9,0.7,1.5,14.8,17.8,,2.3,1.6,3.9,.166,,-0.7,-0.2,-1.0,0.3
56,47,Sim Bhullar,C,22,SAC,3,3,44.3,.500,.000,.000,0.0,36.5,18.9,78.5,0.0,26.3,0.0,29.4,,0.0,0.0,0.0,.389,,9.4,17.1,26.6,0.0
57,48,Bismack Biyombo,C,22,CHO,64,1243,15.2,.578,.000,.941,13.7,22.6,18.0,2.0,0.7,6.3,16.5,11.6,,1.8,2.2,4.0,.156,,-3.2,2.8,-0.4,0.5
58,49,Tarik Black,C,23,TOT,63,1196,14.7,.583,.004,.432,12.8,21.4,17.0,5.6,0.8,1.6,12.9,13.8,,2.2,0.9,3.1,.124,,-1.0,-0.6,-1.6,0.1
59,49,Tarik Black,C,23,HOU,25,393,11.6,.548,.012,.349,16.3,19.3,17.8,3.1,0.8,0.4,16.6,12.7,,0.5,0.4,0.9,.113,,-2.4,-1.3,-3.7,-0.2
60,49,Tarik Black,C,23,LAL,38,803,16.3,.598,.000,.468,11.1,22.5,16.6,6.8,0.8,2.2,11.2,14.3,,1.7,0.4,2.2,.129,,-0.3,-0.2,-0.5,0.3
66,55,Andrew Bogut,C,30,GSW,67,1583,15.8,.565,.000,.118,9.9,26.5,18.5,15.4,1.2,5.3,22.1,13.2,,1.9,3.4,5.2,.159,,-1.4,5.5,4.1,2.4
70,59,Chris Bosh,C,30,MIA,44,1556,19.8,.548,.226,.311,3.6,20.0,12.0,12.0,1.4,1.4,10.1,28.4,,2.1,1.5,3.6,.111,,1.0,-1.0,-0.1,0.8
73,61,Elton Brand,C,35,ATL,36,486,9.4,.457,.011,.242,6.8,16.4,11.8,6.4,1.8,4.3,14.6,11.6,,-0.1,0.8,0.7,.070,,-4.5,3.1,-1.4,0.1
102,83,Clint Capela,C,20,HOU,12,90,12.1,.409,.000,.793,12.3,31.8,22.1,3.6,0.6,7.8,11.3,21.3,,-0.2,0.2,0.0,.019,,-8.8,1.0,-7.8,-0.1
110,89,Tyson Chandler,C,32,DAL,75,2286,20.1,.697,.000,.584,14.1,27.4,20.7,5.3,0.9,3.2,16.0,12.8,,7.2,3.1,10.3,.216,,1.9,2.3,4.2,3.6
127,101,Jack Cooley,C,23,UTA,16,87,11.4,.432,.000,.955,13.3,19.8,16.6,1.8,3.7,2.8,8.8,18.0,,0.0,0.2,0.2,.092,,-4.4,0.4,-4.0,0.0
130,104,DeMarcus Cousins,C,24,SAC,59,2013,25.2,.545,.008,.508,10.8,30.6,21.1,20.4,2.3,4.0,16.3,34.1,,2.8,3.2,6.0,.144,,1.4,3.3,4.7,3.4
141,113,Samuel Dalembert,C,33,NYK,32,544,11.8,.461,.000,.154,10.9,25.1,17.8,8.6,1.4,6.3,21.9,15.0,,-0.4,0.7,0.3,.023,,-5.2,3.0,-2.2,0.0
160,122,Dewayne Dedmon,C,25,ORL,59,845,13.3,.568,.006,.395,15.5,24.1,19.7,1.6,1.0,4.8,21.1,13.0,,0.7,1.0,1.7,.099,,-3.6,0.3,-3.3,-0.3
165,127,Gorgui Dieng,C,25,MIN,73,2193,17.2,.573,.012,.477,11.3,20.8,15.9,10.5,1.6,4.5,16.9,15.0,,3.4,1.5,4.9,.108,,0.1,2.4,2.5,2.5
177,135,Andre Drummond,C,21,DET,82,2502,21.4,.504,.002,.380,18.3,30.1,24.0,3.9,1.5,4.8,9.7,22.0,,3.4,4.3,7.7,.147,,-1.2,1.1,-0.2,1.2
179,137,Tim Duncan,C,38,SAS,77,2227,22.6,.560,.009,.380,8.8,26.7,17.9,16.8,1.4,5.1,12.1,22.2,,4.9,4.7,9.6,.207,,0.8,4.7,5.5,4.2
194,149,Festus Ezeli,C,25,GSW,46,504,16.2,.580,.000,.561,13.3,19.7,16.6,2.5,0.7,6.2,15.6,17.7,,0.8,0.9,1.7,.159,,-3.0,1.2,-1.8,0.0
207,160,Joel Freeland,C,27,POR,48,617,12.2,.522,.000,.166,11.0,21.9,16.6,3.8,0.7,2.7,12.4,13.4,,0.6,0.9,1.6,.122,,-3.0,1.2,-1.8,0.0
216,166,Marc Gasol,C,30,MEM,81,2687,21.7,.558,.016,.410,4.9,21.8,13.4,19.7,1.4,4.0,12.2,24.6,,5.5,4.7,10.2,.182,,1.3,3.5,4.8,4.6
225,173,Rudy Gobert,C,22,UTA,82,2158,21.6,.627,.005,.639,14.3,27.2,20.7,8.2,1.6,7.0,16.9,14.0,,5.0,4.3,9.3,.206,,0.7,5.1,5.8,4.3
232,180,Marcin Gortat,C,30,WAS,82,2453,18.2,.587,.004,.226,8.5,24.1,16.5,6.5,1.0,3.6,10.5,17.6,,4.4,4.2,8.6,.168,,-0.4,2.3,1.8,2.4
253,194,Justin Hamilton,C,24,TOT,41,712,14.6,.551,.174,.264,9.3,12.7,11.0,8.1,2.0,3.4,11.6,14.2,,1.0,0.5,1.5,.102,,-0.1,0.9,0.7,0.5
254,194,Justin Hamilton,C,24,MIA,24,289,9.7,.485,.292,.108,10.2,9.8,10.0,6.5,1.5,1.5,10.5,12.4,,0.2,0.2,0.4,.069,,-1.2,-0.4,-1.6,0.0
255,194,Justin Hamilton,C,24,MIN,17,423,18.0,.586,.106,.354,8.7,14.8,11.6,9.2,2.3,4.6,12.1,15.5,,0.8,0.3,1.1,.125,,0.6,1.7,2.3,0.5
267,205,Chuck Hayes,C,31,TOR,29,255,10.4,.492,.000,.239,8.1,14.9,11.5,11.3,2.0,1.3,13.6,10.4,,0.3,0.2,0.5,.091,,-1.5,1.1,-0.4,0.1
269,207,Brendan Haywood,C,35,CLE,22,119,9.1,.490,.000,.433,5.9,21.9,14.0,2.5,0.9,6.6,21.9,17.3,,-0.2,0.2,0.0,.008,,-7.9,1.3,-6.6,-0.1
272,210,John Henson,C,24,MIL,67,1228,18.0,.578,.000,.396,11.7,17.4,14.5,7.8,1.2,9.3,17.6,18.1,,1.3,2.4,3.6,.142,,-1.9,4.6,2.7,1.4
273,211,Roy Hibbert,C,28,IND,76,1926,15.4,.501,.003,.287,9.0,21.9,15.5,7.4,0.5,5.1,11.8,21.3,,1.0,3.2,4.2,.105,,-3.1,2.1,-1.0,0.5
274,212,J.J. Hickson,C,26,DEN,73,1411,14.3,.504,.004,.438,11.1,24.0,17.3,6.5,1.3,1.9,14.9,19.7,,0.5,1.4,1.8,.062,,-3.1,0.4,-2.7,-0.3
277,215,Jordan Hill,C,27,LAL,70,1874,16.2,.494,.014,.216,9.9,23.4,16.4,9.5,0.9,2.3,11.1,22.7,,1.1,1.1,2.2,.055,,-2.0,-0.6,-2.6,-0.3
282,220,Ryan Hollins,C,30,SAC,46,441,13.1,.648,.000,.659,9.6,16.6,13.2,5.0,0.7,3.4,19.1,13.1,,0.7,0.3,1.0,.104,,-1.4,0.0,-1.4,0.1
285,222,Al Horford,C,28,ATL,76,2318,21.4,.563,.037,.146,6.7,19.8,13.4,18.6,1.5,3.5,8.9,22.2,,5.1,3.6,8.7,.179,,1.3,2.5,3.8,3.4
286,223,Dwight Howard,C,29,HOU,41,1223,19.2,.596,.005,.641,10.0,28.9,19.5,7.3,1.1,3.4,17.5,23.3,,1.4,2.2,3.6,.140,,-2.4,1.2,-1.2,0.3
299,234,Bernard James,C,29,DAL,16,158,16.0,.593,.000,.852,12.5,14.6,13.5,3.4,0.6,7.7,13.9,12.2,,0.4,0.2,0.5,.165,,-1.3,2.9,1.6,0.1
301,236,Al Jefferson,C,30,CHO,65,1992,19.7,.500,.005,.163,5.3,25.5,15.1,11.6,1.2,3.3,5.9,26.3,,1.3,3.4,4.7,.113,,-1.3,1.6,0.2,1.1
327,254,DeAndre Jordan,C,26,LAC,82,2820,21.0,.638,.007,.882,16.2,32.4,24.5,3.2,1.5,5.4,12.8,13.6,,7.4,5.4,12.8,.217,,0.9,3.2,4.1,4.3
328,255,Jerome Jordan,C,28,BRK,44,383,16.8,.609,.000,.468,15.3,15.5,15.4,5.3,1.1,3.1,16.3,16.1,,0.9,0.3,1.2,.156,,-0.2,0.0,-0.2,0.2
330,257,Chris Kaman,C,32,POR,74,1398,17.3,.537,.000,.186,11.6,25.2,18.5,7.8,0.7,2.8,15.4,22.5,,1.1,2.2,3.3,.112,,-2.5,1.1,-1.4,0.2
331,258,Enes Kanter,C,22,TOT,75,2135,20.3,.564,.048,.252,14.6,20.5,17.6,4.8,0.9,1.1,12.3,24.7,,4.3,2.1,6.4,.145,,0.2,-2.3,-2.1,-0.1
332,258,Enes Kanter,C,22,UTA,49,1326,17.5,.535,.070,.203,12.9,20.5,16.7,3.8,0.9,1.0,12.8,25.1,,1.4,1.3,2.7,.099,,-1.5,-2.6,-4.1,-0.7
333,258,Enes Kanter,C,22,OKC,26,809,24.9,.611,.012,.335,17.5,20.5,19.0,6.4,0.8,1.3,11.6,23.9,,2.9,0.8,3.7,.220,,3.0,-1.7,1.2,0.7
340,264,Alex Kirk,C,23,CLE,5,14,8.5,.410,.000,.500,8.3,0.0,4.1,10.1,0.0,0.0,0.0,15.7,,0.0,0.0,0.0,.061,,-3.0,-4.3,-7.4,0.0
345,267,Kosta Koufos,C,25,MEM,81,1348,14.2,.530,.000,.237,10.3,25.8,18.1,4.3,1.1,3.9,14.9,15.8,,0.8,2.5,3.3,.118,,-3.4,1.9,-1.5,0.2
346,268,Ognjen Kuzmić,C,24,GSW,16,72,12.9,.727,.000,.333,10.8,14.5,12.7,11.1,1.4,1.0,26.7,11.3,,0.2,0.1,0.3,.171,,-0.3,1.0,0.8,0.1
350,272,Joffrey Lauvergne,C,23,DEN,24,268,10.5,.459,.180,.315,10.5,20.9,15.5,7.5,1.5,2.9,17.8,19.9,,-0.2,0.3,0.1,.012,,-4.2,0.7,-3.6,-0.1
359,279,Alex Len,C,21,PHO,69,1518,13.5,.542,.008,.295,10.2,22.7,16.4,3.1,1.1,5.3,15.7,13.7,,1.2,2.1,3.4,.107,,-3.3,2.3,-1.0,0.4
362,281,Meyers Leonard,C,22,POR,55,847,14.8,.631,.457,.131,5.9,25.3,15.8,5.8,0.6,1.2,13.1,15.8,,1.6,1.2,2.8,.158,,0.1,0.0,0.2,0.5
367,286,Brook Lopez,C,26,BRK,72,2100,22.7,.558,.010,.278,11.5,17.1,14.3,4.5,1.1,4.8,8.6,26.3,,4.7,2.2,7.0,.159,,0.5,-0.3,0.2,1.1
368,287,Robin Lopez,C,26,POR,59,1638,16.2,.574,.002,.291,12.7,13.1,12.9,5.1,0.5,3.7,12.9,15.5,,3.2,1.9,5.1,.150,,0.1,2.0,2.1,1.7
374,293,Ian Mahinmi,C,28,IND,61,1146,10.8,.516,.000,.481,10.2,24.0,17.2,4.4,1.3,3.1,18.7,12.5,,0.1,2.0,2.1,.090,,-3.8,2.6,-1.2,0.2
394,310,JaVale McGee,C,27,TOT,23,256,14.4,.567,.000,.418,7.3,18.9,12.9,2.0,0.4,6.1,16.1,18.9,,0.1,0.3,0.4,.071,,-5.3,-0.3,-5.6,-0.2
395,310,JaVale McGee,C,27,DEN,17,195,16.7,.597,.000,.475,7.5,19.5,13.3,0.8,0.5,7.6,15.0,19.2,,0.2,0.2,0.4,.109,,-4.3,0.3,-4.0,-0.1
396,310,JaVale McGee,C,27,PHI,6,61,6.8,.455,.000,.222,6.8,16.8,11.6,5.8,0.0,1.3,20.2,17.7,,-0.1,0.0,-0.1,-0.052,,-8.5,-2.3,-10.8,-0.1
417,326,Nazr Mohammed,C,37,CHI,23,128,8.7,.431,.000,.100,9.6,22.3,16.1,3.6,1.6,2.8,18.3,13.4,,-0.1,0.2,0.1,.040,,-6.1,0.9,-5.3,-0.1
426,335,Timofey Mozgov,C,28,TOT,81,2045,16.6,.594,.011,.382,11.0,21.4,16.1,4.3,0.8,3.7,14.9,16.9,,3.5,2.2,5.7,.133,,-1.2,0.8,-0.4,0.8
427,335,Timofey Mozgov,C,28,DEN,35,897,13.8,.554,.026,.371,10.6,22.6,16.4,2.7,0.8,3.6,14.8,15.3,,0.9,0.9,1.8,.096,,-2.6,0.8,-1.8,0.0
428,335,Timofey Mozgov,C,28,CLE,46,1148,18.7,.621,.000,.389,11.4,20.4,15.9,5.6,0.8,3.9,15.0,18.1,,2.5,1.3,3.9,.161,,-0.2,0.8,0.6,0.8
444,343,Joakim Noah,C,29,CHI,67,2049,15.3,.482,.005,.407,11.9,22.1,17.1,23.0,1.2,2.6,19.6,13.7,,2.4,3.1,5.6,.130,,-0.2,3.6,3.4,2.8
445,344,Nerlens Noel,C,20,PHI,75,2311,15.0,.493,.000,.352,8.3,21.0,14.3,9.8,2.9,5.0,16.2,17.0,,-0.2,4.2,4.0,.083,,-3.7,4.5,0.8,1.6
446,345,Lucas Nogueira,C,22,TOR,6,23,5.2,.307,.000,.500,10.0,45.1,27.6,6.2,4.5,0.0,17.0,23.1,,-0.1,0.1,0.0,-0.071,,-11.0,0.7,-10.3,0.0
451,348,Jusuf Nurkić,C,20,DEN,62,1103,14.8,.483,.005,.345,11.8,26.1,18.7,7.3,2.4,4.8,16.3,20.7,,-0.2,1.8,1.6,.069,,-3.7,3.1,-0.6,0.4
455,352,Kelly Olynyk,C,23,BOS,64,1423,15.9,.558,.331,.258,7.0,16.5,11.7,12.2,2.3,2.1,14.3,21.1,,1.5,2.1,3.6,.120,,0.7,1.4,2.1,1.5
456,353,Arinze Onuaku,C,27,MIN,6,68,22.8,.771,.000,.571,11.4,24.3,17.7,10.2,0.7,3.5,10.2,12.7,,0.2,0.0,0.3,.197,,2.5,-0.2,2.3,0.1
457,354,Zaza Pachulia,C,30,MIL,73,1730,15.6,.506,.006,.302,13.1,19.9,16.5,16.2,2.4,1.0,18.2,19.1,,1.3,2.9,4.2,.116,,-0.9,2.2,1.4,1.5
470,364,Nikola Peković,C,29,MIN,31,815,16.6,.502,.000,.393,12.1,21.0,16.4,5.7,1.2,1.2,9.8,23.1,,0.9,0.2,1.2,.069,,-1.7,-2.8,-4.5,-0.5
471,365,Kendrick Perkins,C,30,TOT,68,1148,7.0,.467,.004,.366,8.7,21.2,15.1,6.3,0.7,2.9,26.5,13.6,,-1.2,1.3,0.1,.006,,-5.5,1.3,-4.2,-0.6
472,365,Kendrick Perkins,C,30,OKC,51,981,7.4,.461,.005,.403,8.9,21.4,15.2,6.1,0.7,3.1,25.3,12.9,,-0.8,1.2,0.3,.017,,-5.2,1.6,-3.6,-0.4
473,365,Kendrick Perkins,C,30,CLE,17,167,4.7,.494,.000,.195,7.7,20.3,14.1,7.2,0.6,1.9,32.1,17.7,,-0.4,0.2,-0.2,-0.059,,-7.4,-0.1,-7.6,-0.2
475,367,Mason Plumlee,C,24,BRK,82,1743,18.0,.570,.006,.648,11.3,21.6,16.5,7.0,1.9,2.9,14.4,19.2,,2.5,2.3,4.8,.131,,-0.5,1.4,0.8,1.2
476,368,Miles Plumlee,C,26,TOT,73,1194,13.4,.536,.000,.181,10.3,19.3,14.8,4.2,1.7,4.3,15.7,12.0,,0.9,1.7,2.6,.103,,-2.8,2.5,-0.2,0.5
477,368,Miles Plumlee,C,26,PHO,54,1005,13.1,.550,.000,.195,10.3,19.7,14.9,3.9,1.7,4.2,17.5,11.2,,0.8,1.4,2.1,.102,,-2.7,2.7,0.0,0.5
478,368,Miles Plumlee,C,26,MIL,19,189,15.0,.488,.000,.136,10.4,17.4,13.9,6.0,1.6,4.9,8.8,16.3,,0.1,0.3,0.4,.107,,-3.3,1.7,-1.6,0.0
499,377,Miroslav Raduljica,C,27,MIN,5,23,3.3,.450,.000,.250,9.7,15.4,12.4,0.0,2.2,0.0,18.4,20.9,,0.0,0.0,0.0,-0.057,,-8.2,-6.2,-14.4,-0.1
532,397,Robert Sacre,C,25,LAL,67,1133,10.9,.449,.003,.268,8.4,14.6,11.4,7.4,1.3,3.1,9.5,14.8,,0.3,0.6,0.8,.035,,-3.3,0.4,-2.8,-0.2
535,400,Larry Sanders,C,26,MIL,27,586,15.2,.507,.000,.279,13.2,19.2,16.2,6.3,2.3,5.6,12.7,17.0,,0.4,1.2,1.6,.132,,-2.0,3.4,1.4,0.5
541,405,Kevin Séraphin,C,25,WAS,79,1235,12.5,.535,.004,.182,8.1,17.9,13.1,8.0,0.4,3.8,16.8,21.5,,0.0,1.7,1.7,.066,,-3.7,0.7,-3.0,-0.3
552,409,Henry Sims,C,24,PHI,73,1399,14.5,.521,.044,.273,8.9,19.4,13.9,10.7,1.4,1.7,15.0,20.6,,0.5,1.5,2.1,.072,,-3.3,-0.1,-3.4,-0.5
565,416,Jason Smith,C,28,NYK,82,1785,12.0,.497,.071,.258,6.2,15.0,10.5,13.5,0.9,2.1,13.6,19.7,,0.5,0.7,1.2,.032,,-2.5,-0.9,-3.4,-0.6
573,420,Marreese Speights,C,27,GSW,76,1207,19.5,.546,.028,.276,10.1,18.7,14.5,9.9,0.8,2.1,10.2,29.1,,2.2,1.8,4.0,.158,,-1.3,-1.3,-2.6,-0.2
575,421,Tiago Splitter,C,30,SAS,52,1030,18.9,.601,.000,.396,10.2,17.4,13.9,11.8,1.7,2.7,14.4,18.4,,2.3,1.7,4.0,.189,,0.8,2.4,3.3,1.4
578,424,Greg Stiemsma,C,29,TOR,17,66,7.8,.717,.000,.500,15.7,10.5,13.1,6.6,1.6,0.0,41.8,11.5,,0.0,0.0,0.1,.050,,-1.1,-0.6,-1.7,0.0
612,447,Ronny Turiaf,C,32,MIN,2,19,4.3,,,,0.0,6.2,3.0,14.0,0.0,0.0,,0.0,,0.0,0.0,0.0,.009,,-5.6,-2.1,-7.7,0.0
617,452,Jonas Valančiūnas,C,22,TOR,80,2096,20.6,.623,.002,.423,11.8,26.3,19.1,3.1,0.8,3.6,12.4,19.1,,5.8,2.4,8.2,.189,,0.1,-0.6,-0.5,0.8
618,453,Anderson Varejão,C,32,CLE,26,636,17.7,.580,.010,.225,10.4,20.1,15.3,9.1,1.6,2.0,13.7,18.1,,1.2,0.7,1.9,.145,,0.0,1.0,0.9,0.5
622,457,Nikola Vučević,C,24,ORL,74,2529,21.5,.548,.005,.181,10.4,26.0,18.1,11.0,1.1,1.7,10.2,26.0,,4.5,2.5,7.0,.133,,0.7,-0.1,0.5,1.6
639,471,Hassan Whiteside,C,25,MIA,48,1142,26.2,.619,.000,.403,15.6,34.7,25.4,1.0,1.2,9.2,11.3,21.1,,2.8,2.4,5.3,.221,,-1.6,0.7,-0.9,0.3
658,483,Jeff Withey,C,24,NOP,37,259,17.6,.570,.000,.781,10.1,17.9,14.0,6.4,0.8,5.3,12.2,17.3,,0.5,0.3,0.8,.149,,-1.6,0.6,-1.0,0.1
673,491,Cody Zeller,C,22,CHO,62,1487,14.1,.530,.003,.440,7.0,20.1,13.4,10.9,1.2,2.6,12.2,15.6,,1.6,2.2,3.8,.123,,-2.1,2.5,0.4,0.9
674,492,Tyler Zeller,C,25,BOS,82,1731,18.9,.594,.000,.300,9.1,20.5,14.7,10.8,0.5,2.3,9.8,19.6,,4.5,2.0,6.5,.179,,0.4,0.4,0.9,1.2
