,Rk,Player,Pos,Age,Tm,G,MP,PER,TS%,3PAr,FTr,ORB%,DRB%,TRB%,AST%,STL%,BLK%,TOV%,USG%,Unnamed: 19,OWS,DWS,WS,WS/48,Unnamed: 24,OBPM,DBPM,BPM,VORP
2,3,Steven Adams,C,22,OKC,80,2014,15.5,.621,.000,.460,12.5,16.1,14.4,4.3,1.0,3.3,14.1,12.6,,4.2,2.3,6.5,.155,,0.8,1.3,2.1,2.1
4,5,Alexis Ajinça,C,27,NOP,59,861,13.8,.514,.003,.197,9.3,25.9,17.3,5.8,1.1,3.4,13.6,20.4,,0.2,0.9,1.0,.058,,-4.3,-0.2,-4.5,-0.5
5,6,Cole Aldrich,C,27,LAC,60,800,21.3,.626,.000,.373,11.9,27.1,19.6,10.0,2.9,6.7,19.6,18.4,,1.4,2.0,3.5,.209,,-1.0,5.8,4.8,1.4
12,13,Chris Andersen,C,37,TOT,27,402,15.3,.598,.194,.500,9.9,18.2,13.9,4.4,1.9,2.9,9.3,10.8,,0.8,0.4,1.3,.149,,-0.3,1.1,0.8,0.3
13,13,Chris Andersen,C,37,MIA,7,36,17.6,.553,.500,.400,9.8,18.3,14.2,12.2,1.4,6.4,14.5,17.5,,0.1,0.1,0.1,.165,,0.4,2.6,3.0,0.0
14,13,Chris Andersen,C,37,MEM,20,366,15.1,.605,.145,.516,9.9,18.2,13.9,3.7,2.0,2.5,8.4,10.2,,0.7,0.4,1.1,.148,,-0.4,0.9,0.6,0.2
24,22,Joel Anthony,C,33,DET,19,96,14.1,.666,.000,.800,8.8,15.4,11.9,1.4,1.1,9.5,12.9,7.0,,0.2,0.2,0.4,.177,,-2.8,5.0,2.2,0.1
28,26,Ömer Aşık,C,29,NOP,68,1178,11.0,.551,.000,.574,10.9,28.7,19.5,3.1,0.9,1.6,19.7,11.4,,0.7,1.0,1.7,.070,,-4.0,-0.2,-4.2,-0.7
32,28,Jeff Ayres,C,28,LAC,17,107,8.3,.585,.043,.261,4.1,18.1,11.2,6.9,0.0,2.2,19.0,13.4,,0.1,0.1,0.2,.077,,-4.7,0.1,-4.6,-0.1
34,30,Cameron Bairstow,C,25,CHI,18,103,6.8,.391,.125,.200,4.2,24.0,14.3,8.7,1.0,2.1,8.4,20.3,,-0.1,0.1,0.0,-0.004,,-6.9,-0.8,-7.7,-0.1
37,33,Andrea Bargnani,C,30,BRK,46,634,11.8,.500,.057,.204,4.9,12.4,8.6,4.8,0.3,1.1,7.9,23.2,,0.1,0.0,0.2,.013,,-3.7,-4.2,-7.9,-0.9
44,40,Aron Baynes,C,29,DET,81,1233,17.8,.563,.005,.430,11.9,22.5,17.0,6.6,0.9,3.2,12.8,18.5,,2.4,1.7,4.1,.158,,-1.3,1.1,-0.2,0.6
52,47,Bismack Biyombo,C,23,TOR,82,1808,14.9,.586,.003,.785,11.7,29.5,20.8,2.4,0.5,6.1,15.5,11.5,,2.8,3.1,5.9,.156,,-2.4,2.3,-0.1,0.9
54,49,Tarik Black,C,24,LAL,39,496,12.3,.537,.000,.433,9.2,25.4,17.0,5.2,1.4,2.9,15.1,12.9,,0.3,0.4,0.7,.072,,-4.0,0.6,-3.4,-0.2
55,50,DeJuan Blair,C,26,WAS,29,218,5.4,.414,.015,.191,10.1,19.4,14.6,7.3,1.8,0.7,16.9,17.8,,-0.3,0.3,-0.1,-0.015,,-6.3,-0.1,-6.4,-0.2
59,54,Andrew Bogut,C,31,GSW,70,1451,15.9,.623,.004,.179,9.5,26.0,18.3,14.8,1.1,5.8,21.6,11.4,,2.6,2.9,5.4,.180,,-0.6,5.1,4.5,2.4
60,55,Matt Bonner,C,35,SAS,30,206,14.1,.647,.596,.070,1.7,12.8,7.5,6.3,1.5,0.4,4.9,13.7,,0.4,0.3,0.8,.181,,1.8,-0.3,1.6,0.2
65,60,Elton Brand,C,36,PHI,17,225,11.4,.461,.014,.125,4.2,27.0,15.2,13.1,2.0,2.7,12.6,16.9,,-0.1,0.3,0.2,.036,,-5.5,1.5,-4.0,-0.1
86,78,Clint Capela,C,21,HOU,77,1471,18.3,.553,.003,.531,14.4,22.7,18.5,5.1,2.0,5.2,10.9,16.1,,2.4,2.0,4.4,.144,,-1.2,1.7,0.5,0.9
92,83,Willie Cauley-Stein,C,22,SAC,66,1412,15.3,.588,.006,.369,10.3,16.6,13.5,3.8,1.6,3.8,10.5,13.2,,2.4,1.4,3.8,.130,,-0.8,1.5,0.7,1.0
96,85,Tyson Chandler,C,33,PHO,66,1618,14.7,.606,.003,.545,11.5,27.5,19.3,6.0,1.1,2.2,19.3,12.7,,2.1,1.6,3.8,.112,,-1.9,1.3,-0.5,0.6
110,97,DeMarcus Cousins,C,25,SAC,65,2246,23.6,.538,.158,.498,7.7,28.2,18.0,17.0,2.2,3.3,13.3,35.4,,2.4,3.3,5.7,.122,,1.0,1.6,2.6,2.6
123,107,Anthony Davis,C,22,NOP,61,2164,25.0,.559,.095,.379,6.4,26.4,16.1,10.0,1.8,4.7,8.4,29.6,,4.4,2.8,7.2,.160,,1.0,1.2,2.2,2.3
126,110,Dewayne Dedmon,C,26,ORL,58,705,17.0,.606,.000,.429,10.4,25.7,17.9,2.7,1.6,5.4,13.2,15.2,,1.2,1.1,2.4,.162,,-2.6,1.3,-1.3,0.1
133,117,Gorgui Dieng,C,26,MIN,82,2220,17.1,.601,.035,.428,8.3,22.1,15.3,10.1,2.1,3.5,16.9,16.7,,3.4,2.5,5.9,.127,,0.0,2.4,2.4,2.5
138,121,Andre Drummond,C,22,DET,81,2666,21.2,.499,.006,.553,15.6,34.2,24.5,4.4,2.3,3.2,10.5,24.1,,2.0,5.5,7.4,.133,,-2.1,1.6,-0.5,1.0
141,124,Tim Duncan,C,39,SAS,61,1536,16.9,.523,.005,.297,8.8,23.8,16.6,15.3,1.6,3.9,15.3,17.6,,1.6,3.6,5.2,.163,,-0.8,5.0,4.1,2.4
155,135,Festus Ezeli,C,26,GSW,46,770,17.7,.559,.000,.579,13.5,21.9,18.0,5.8,1.1,4.8,11.7,18.2,,1.4,1.3,2.7,.171,,-1.5,1.4,-0.1,0.4
159,139,Cristiano Felício,C,23,CHI,31,321,17.6,.601,.056,.486,10.0,23.1,16.7,12.1,0.9,3.0,12.9,13.7,,0.7,0.4,1.2,.175,,-0.5,1.4,0.9,0.2
174,145,Channing Frye,C,32,CLE,26,446,14.9,.586,.708,.087,3.1,20.4,11.8,9.1,0.9,1.5,7.2,18.3,,0.9,0.6,1.5,.157,,1.9,-0.8,1.1,0.3
178,149,Marc Gasol,C,31,MEM,52,1791,17.7,.528,.004,.347,3.5,20.2,11.5,18.9,1.4,3.6,12.7,23.4,,1.8,1.9,3.7,.098,,-0.7,1.7,1.0,1.3
179,150,Pau Gasol,C,35,CHI,72,2291,21.7,.529,.069,.290,7.3,28.7,18.2,21.7,0.9,4.7,12.8,24.6,,3.2,3.9,7.1,.149,,0.5,3.5,4.0,3.5
185,156,Rudy Gobert,C,23,UTA,61,1932,17.5,.582,.000,.799,12.6,27.7,20.2,7.4,1.2,5.9,19.2,14.2,,2.6,3.8,6.4,.160,,-1.1,4.8,3.7,2.8
191,161,Marcin Gortat,C,31,WAS,75,2256,19.0,.592,.001,.271,10.8,26.3,18.4,7.5,1.0,3.4,12.4,18.9,,4.2,3.1,7.3,.156,,-0.5,1.7,1.2,1.8
227,188,Chuck Hayes,C,32,HOU,2,24,1.6,.694,.000,1.000,0.0,37.0,18.4,11.3,0.0,0.0,51.0,10.5,,0.0,0.0,0.0,-0.016,,-8.9,-0.6,-9.4,0.0
230,191,John Henson,C,25,MIL,57,960,18.6,.580,.003,.402,10.4,15.8,13.2,9.0,1.0,9.7,15.7,19.1,,1.2,1.1,2.3,.117,,-1.5,3.1,1.6,0.9
232,193,Roy Hibbert,C,29,LAL,81,1878,11.2,.507,.005,.353,7.3,15.8,11.4,8.0,0.9,4.6,13.8,12.9,,1.1,1.0,2.2,.056,,-3.1,1.8,-1.3,0.3
233,194,J.J. Hickson,C,27,TOT,35,436,16.8,.514,.006,.665,9.8,24.1,16.8,8.7,1.7,2.6,11.1,22.6,,0.3,0.5,0.8,.088,,-2.9,-0.1,-3.0,-0.1
234,194,J.J. Hickson,C,27,DEN,20,305,15.8,.508,.000,.541,7.9,24.0,15.8,8.7,1.6,3.2,10.6,21.6,,0.1,0.4,0.5,.077,,-3.2,0.2,-3.0,-0.1
235,194,J.J. Hickson,C,27,WAS,15,131,18.9,.528,.022,.957,14.2,24.4,19.2,8.5,1.9,1.2,12.1,24.8,,0.1,0.2,0.3,.114,,-2.1,-0.9,-3.0,0.0
238,197,Jordan Hill,C,28,IND,73,1513,16.4,.534,.002,.228,11.3,21.2,16.3,9.5,1.2,2.0,13.2,20.3,,1.6,2.3,3.9,.124,,-1.7,0.9,-0.7,0.5
249,203,Ryan Hollins,C,31,TOT,37,460,12.3,.636,.000,.532,11.2,13.2,12.1,3.3,0.7,4.2,19.8,11.8,,0.6,0.3,1.0,.100,,-2.0,0.2,-1.8,0.0
250,203,Ryan Hollins,C,31,WAS,5,48,7.2,.571,.000,.000,16.0,9.5,12.8,0.0,0.0,1.7,30.0,9.1,,0.0,0.0,0.0,.040,,-4.5,-3.1,-7.6,-0.1
251,203,Ryan Hollins,C,31,MEM,32,412,12.9,.641,.000,.583,10.6,13.6,12.0,3.7,0.7,4.5,18.8,12.1,,0.6,0.3,0.9,.107,,-1.7,0.5,-1.2,0.1
255,207,Al Horford,C,29,ATL,82,2631,19.4,.565,.244,.123,6.3,18.2,12.4,16.7,1.3,3.6,8.8,20.6,,4.9,4.5,9.4,.172,,1.5,2.6,4.1,4.1
256,208,Dwight Howard,C,30,HOU,71,2280,18.9,.604,.010,.790,11.4,29.1,20.2,7.0,1.5,4.1,17.0,18.4,,3.5,3.1,6.6,.138,,-1.1,1.8,0.6,1.5
276,222,Al Jefferson,C,31,CHO,47,1096,18.2,.507,.000,.220,5.6,24.6,15.0,11.8,1.4,3.0,5.8,24.2,,1.0,1.8,2.8,.123,,-2.3,1.2,-1.1,0.2
298,236,Nikola Jokić,C,20,DEN,80,1733,21.5,.582,.140,.317,11.4,24.7,17.9,18.1,2.3,2.3,13.2,19.9,,4.5,2.2,6.7,.185,,2.6,2.2,4.8,3.0
304,241,DeAndre Jordan,C,27,LAC,77,2598,20.6,.628,.002,1.219,11.4,32.7,22.2,5.3,1.0,5.4,12.1,15.4,,6.0,5.5,11.5,.213,,-0.4,3.8,3.4,3.5
306,243,Chris Kaman,C,33,POR,16,112,11.1,.496,.093,.070,6.8,16.5,11.6,15.8,0.4,0.7,15.3,20.4,,0.0,0.1,0.1,.037,,-3.3,-1.9,-5.1,-0.1
307,244,Frank Kaminsky,C,22,CHO,81,1708,12.5,.513,.385,.282,4.4,17.2,10.7,9.0,1.1,2.0,8.9,17.1,,1.2,2.1,3.3,.093,,-1.6,0.4,-1.2,0.3
308,245,Enes Kanter,C,23,OKC,82,1721,24.0,.626,.029,.349,16.7,24.9,21.0,3.1,0.7,1.5,12.2,23.4,,6.0,2.1,8.1,.226,,1.3,-3.1,-1.7,0.1
310,247,Sasha Kaun,C,30,CLE,25,95,12.5,.527,.000,.647,14.4,16.5,15.5,4.5,2.2,4.3,24.3,13.7,,0.0,0.2,0.2,.096,,-3.5,2.7,-0.8,0.0
318,253,Kosta Koufos,C,26,SAC,78,1482,15.1,.540,.000,.234,12.4,18.4,15.4,3.3,1.3,3.8,8.9,15.4,,2.1,1.4,3.5,.113,,-1.6,0.4,-1.2,0.3
322,257,Joffrey Lauvergne,C,24,DEN,59,1041,15.7,.567,.139,.182,8.1,23.1,15.4,9.1,0.6,1.2,11.6,19.5,,1.6,0.7,2.3,.105,,-0.9,-1.4,-2.3,-0.1
334,262,Alex Len,C,22,PHO,78,1821,12.4,.482,.011,.383,10.4,25.4,17.7,8.5,1.0,2.8,16.6,20.4,,-0.5,1.8,1.3,.035,,-4.4,0.7,-3.6,-0.7
342,270,Brook Lopez,C,27,BRK,73,2457,21.7,.562,.012,.348,9.2,17.2,13.1,10.8,1.2,4.1,11.6,27.3,,4.5,1.7,6.2,.121,,1.1,0.2,1.3,2.1
343,271,Robin Lopez,C,27,NYK,82,2219,17.6,.574,.002,.243,13.4,16.2,14.8,8.5,0.4,4.4,15.4,17.7,,3.7,2.1,5.8,.126,,0.1,1.3,1.4,1.9
350,276,Ian Mahinmi,C,29,IND,71,1816,16.6,.603,.000,.502,8.3,22.1,15.3,8.9,1.8,3.3,15.5,15.7,,2.9,3.3,6.2,.163,,-0.9,3.3,2.4,2.0
352,278,Boban Marjanović,C,27,SAS,54,508,27.7,.662,.000,.655,16.9,26.2,21.7,6.6,1.2,3.5,11.5,22.8,,2.3,1.2,3.4,.325,,2.7,0.9,3.6,0.7
372,293,JaVale McGee,C,28,DAL,34,370,19.9,.574,.007,.269,15.8,23.7,19.7,1.5,0.7,5.9,12.3,21.1,,0.6,0.5,1.1,.146,,-2.9,-0.6,-3.5,-0.1
379,298,Salah Mejri,C,29,DAL,34,397,16.8,.636,.013,.590,11.4,22.6,17.0,3.9,1.0,7.6,19.0,14.0,,0.6,0.7,1.3,.156,,-2.6,3.7,1.1,0.3
392,308,Nazr Mohammed,C,38,OKC,5,19,6.0,.680,.000,.400,6.1,16.3,11.5,0.0,0.0,0.0,33.8,19.9,,0.0,0.0,0.0,-0.009,,-7.4,-5.9,-13.2,-0.1
393,309,Greg Monroe,C,25,MIL,79,2314,21.8,.562,.001,.327,10.9,23.4,17.2,13.2,1.6,2.5,10.7,23.5,,5.0,2.4,7.5,.155,,1.3,0.2,1.5,2.1
403,317,Timofey Mozgov,C,29,CLE,76,1326,14.6,.593,.019,.265,9.5,19.2,14.4,3.9,0.9,3.5,15.0,16.1,,1.8,1.9,3.7,.133,,-2.2,1.0,-1.2,0.3
408,321,Mike Muscala,C,24,ATL,60,565,13.6,.576,.257,.257,7.5,14.9,11.3,9.1,1.1,3.8,13.8,15.5,,0.7,0.9,1.6,.136,,-2.0,1.5,-0.5,0.2
415,328,Joakim Noah,C,30,CHI,29,635,14.1,.406,.008,.338,14.7,27.3,21.1,24.2,1.4,3.3,25.4,14.2,,0.0,1.1,1.1,.079,,-2.3,4.3,1.9,0.6
416,329,Nerlens Noel,C,21,PHI,67,1965,16.2,.544,.003,.387,8.2,22.2,15.0,10.5,2.9,3.9,18.7,18.8,,0.3,2.8,3.0,.074,,-2.7,3.4,0.7,1.3
417,330,Lucas Nogueira,C,23,TOR,29,225,15.6,.642,.068,.341,9.3,14.0,11.7,4.9,2.8,4.4,17.9,12.4,,0.3,0.4,0.7,.154,,-0.4,2.9,2.6,0.3
422,333,Jusuf Nurkić,C,21,DEN,32,547,16.0,.460,.012,.409,12.9,22.7,17.7,12.3,2.2,6.5,16.1,27.2,,-0.5,0.9,0.4,.031,,-4.1,2.8,-1.3,0.1
426,337,Jahlil Okafor,C,20,PHI,53,1591,17.1,.536,.008,.248,8.1,17.8,12.8,8.2,0.7,2.9,12.5,27.3,,0.3,0.9,1.2,.037,,-2.6,-1.5,-4.1,-0.8
428,339,Kelly Olynyk,C,24,BOS,69,1395,16.3,.561,.378,.230,5.4,16.2,10.7,11.9,1.8,1.8,10.8,20.9,,2.1,2.0,4.1,.141,,0.8,0.4,1.2,1.1
431,341,Zaza Pachulia,C,31,DAL,76,2004,16.2,.550,.006,.587,13.7,25.7,19.7,9.7,1.6,0.9,16.8,16.2,,3.4,2.7,6.0,.145,,-0.8,2.2,1.4,1.7
442,352,Nikola Peković,C,30,MIN,12,156,6.5,.459,.000,.400,5.3,10.3,7.8,10.7,0.3,0.0,13.3,19.5,,-0.1,0.0,-0.1,-0.022,,-4.7,-3.5,-8.2,-0.2
443,353,Kendrick Perkins,C,31,NOP,37,542,6.0,.529,.000,.333,4.9,21.8,13.1,7.9,1.0,1.7,32.3,10.4,,-0.4,0.4,-0.1,-0.007,,-5.6,1.3,-4.3,-0.3
445,355,Tibor Pleiß,C,26,UTA,12,82,3.5,.464,.080,.080,8.6,12.8,10.7,4.0,0.6,2.1,23.6,19.1,,-0.2,0.1,-0.1,-0.041,,-7.0,-1.1,-8.1,-0.1
446,356,Mason Plumlee,C,25,POR,82,2084,17.2,.564,.008,.648,10.4,22.2,16.3,16.2,1.6,3.2,18.8,17.1,,3.4,2.7,6.1,.140,,-0.2,3.0,2.8,2.5
447,357,Miles Plumlee,C,27,MIL,61,870,17.4,.606,.000,.253,12.5,18.0,15.2,2.9,1.2,4.9,13.4,15.5,,1.4,0.8,2.2,.124,,-1.4,-0.4,-1.8,0.0
463,370,Willie Reed,C,25,BRK,39,426,19.2,.579,.000,.414,12.7,19.6,16.1,3.8,0.7,5.7,9.2,18.1,,0.9,0.3,1.2,.134,,-1.2,-0.4,-1.6,0.0
482,386,Robert Sacre,C,26,LAL,25,320,10.4,.474,.000,.507,10.4,13.9,12.1,6.9,0.6,2.5,11.6,14.3,,0.2,0.1,0.3,.040,,-3.5,-0.8,-4.3,-0.2
490,392,Kevin Séraphin,C,26,NYK,48,526,10.8,.435,.010,.112,6.5,19.5,13.1,14.8,0.8,5.2,16.7,22.2,,-0.8,0.7,-0.2,-0.015,,-5.9,1.5,-4.4,-0.3
494,396,Henry Sims,C,25,BRK,14,263,13.9,.504,.000,.390,8.8,22.2,15.4,5.1,1.7,4.3,11.7,17.3,,0.2,0.3,0.4,.079,,-3.5,0.9,-2.6,0.0
504,403,Jason Smith,C,29,ORL,76,1181,14.6,.513,.032,.133,4.9,15.8,10.3,8.6,1.4,4.6,9.7,22.1,,0.4,1.4,1.8,.072,,-3.1,0.6,-2.5,-0.1
510,407,Marreese Speights,C,28,GSW,72,832,17.1,.506,.136,.250,10.6,19.8,15.5,11.4,1.1,3.0,11.5,29.7,,0.5,1.2,1.8,.102,,-2.9,-1.1,-3.9,-0.4
511,408,Tiago Splitter,C,31,ATL,36,579,13.7,.571,.013,.310,8.7,13.8,11.3,7.9,1.7,1.6,12.0,15.5,,0.9,0.9,1.7,.144,,-1.9,1.1,-0.8,0.2
519,412,Jarnell Stokes,C,22,TOT,7,18,20.0,.595,.000,.400,6.1,18.8,12.6,9.6,2.8,0.0,0.0,14.9,,0.1,0.0,0.1,.209,,-0.1,-1.0,-1.0,0.0
520,412,Jarnell Stokes,C,22,MEM,2,4,13.6,,,,27.3,29.8,28.5,0.0,0.0,0.0,,0.0,,0.0,0.0,0.0,.163,,-3.6,-4.3,-7.8,0.0
521,412,Jarnell Stokes,C,22,MIA,5,14,21.8,.595,.000,.400,0.0,15.7,8.1,12.3,3.7,0.0,0.0,19.2,,0.0,0.0,0.1,.222,,0.9,0.0,0.9,0.0
522,413,Amar'e Stoudemire,C,33,MIA,52,762,17.3,.599,.000,.303,10.0,22.6,16.5,5.6,1.2,4.1,15.8,17.8,,1.1,1.3,2.4,.150,,-1.7,1.4,-0.4,0.3
525,416,Edy Tavares,C,23,ATL,11,73,14.4,.555,.000,.421,10.7,20.5,15.7,6.3,0.7,6.5,18.2,16.9,,0.0,0.1,0.2,.106,,-4.9,2.5,-2.3,0.0
534,424,Jason Thompson,C,29,TOT,47,471,14.2,.558,.139,.500,7.9,23.4,15.9,8.5,1.3,3.3,10.2,13.9,,0.9,0.7,1.6,.165,,-1.3,1.6,0.3,0.3
535,424,Jason Thompson,C,29,GSW,28,179,13.3,.535,.000,.762,6.4,25.0,16.2,13.9,1.1,3.3,11.1,15.2,,0.3,0.3,0.6,.169,,-2.6,1.9,-0.7,0.1
536,424,Jason Thompson,C,29,TOR,19,292,14.7,.575,.227,.333,8.8,22.4,15.7,5.3,1.4,3.4,9.6,13.0,,0.6,0.4,1.0,.163,,-0.5,1.4,0.9,0.2
544,430,Karl-Anthony Towns,C,20,MIN,82,2627,22.5,.590,.076,.239,10.3,27.5,19.0,11.3,1.1,4.3,12.6,24.9,,5.5,2.8,8.3,.151,,1.6,1.1,2.8,3.2
547,433,Myles Turner,C,19,IND,60,1367,15.4,.531,.026,.228,5.5,21.0,13.3,5.0,0.9,5.1,10.3,20.9,,0.8,2.3,3.1,.109,,-3.7,1.4,-2.3,-0.1
551,435,Jonas Valančiūnas,C,23,TOR,60,1557,22.6,.610,.000,.397,13.8,26.3,20.1,4.8,0.8,4.2,11.9,20.9,,4.5,2.4,6.9,.211,,0.7,0.4,1.1,1.2
552,436,Anderson Varejão,C,33,TOT,53,496,11.1,.473,.008,.403,8.5,22.8,15.8,9.8,1.6,1.6,13.1,15.0,,0.3,0.8,1.0,.101,,-3.8,1.4,-2.4,0.0
553,436,Anderson Varejão,C,33,CLE,31,310,11.2,.469,.013,.276,8.8,24.3,16.6,9.3,1.8,1.3,15.8,14.8,,0.1,0.5,0.6,.089,,-4.1,1.8,-2.3,0.0
554,436,Anderson Varejão,C,33,GSW,22,186,11.0,.477,.000,.604,8.0,20.2,14.5,10.5,1.3,2.0,9.0,15.5,,0.2,0.3,0.5,.120,,-3.3,0.8,-2.5,0.0
560,441,Nikola Vučević,C,25,ORL,65,2037,21.1,.531,.009,.143,9.3,22.2,15.7,15.9,1.3,2.8,10.0,26.8,,2.8,2.4,5.2,.122,,0.7,1.1,1.8,2.0
576,453,Hassan Whiteside,C,26,MIA,73,2125,25.7,.629,.000,.482,13.1,32.4,23.1,2.4,1.1,9.7,14.2,20.7,,5.0,5.3,10.3,.233,,-0.9,3.4,2.5,2.4
589,465,Jeff Withey,C,25,UTA,51,658,17.7,.577,.012,.364,10.0,20.7,15.4,5.0,1.7,6.8,13.0,15.1,,1.1,1.3,2.3,.171,,-2.0,3.7,1.7,0.6
599,475,Cody Zeller,C,23,CHO,73,1774,16.1,.592,.023,.531,8.4,19.7,14.0,6.3,1.6,2.9,11.2,15.4,,3.6,2.7,6.3,.169,,-1.0,2.0,1.0,1.3
600,476,Tyler Zeller,C,26,BOS,60,710,15.4,.539,.000,.372,9.1,17.6,13.3,6.6,0.7,2.4,12.0,23.0,,0.8,0.9,1.7,.114,,-3.2,-1.1,-4.4,-0.4
