,Rk,Player,Pos,Age,Tm,G,MP,PER,TS%,3PAr,FTr,ORB%,DRB%,TRB%,AST%,STL%,BLK%,TOV%,USG%,Unnamed: 19,OWS,DWS,WS,WS/48,Unnamed: 24,OBPM,DBPM,BPM,VORP
4,3,Steven Adams,C,23,OKC,80,2389,16.5,.589,.002,.392,13.0,15.4,14.2,5.4,1.8,2.6,16.0,16.2,,3.3,3.1,6.5,.130,,-0.7,1.2,0.6,1.5
6,5,Alexis Ajinça,C,28,NOP,39,584,12.9,.529,.022,.225,8.3,23.8,16.0,3.1,1.7,3.1,13.7,17.2,,0.0,0.9,1.0,.080,,-5.1,1.0,-4.1,-0.3
7,6,Cole Aldrich,C,28,MIN,62,531,12.7,.549,.000,.256,11.0,23.9,17.4,6.4,2.4,3.7,15.1,9.4,,0.6,0.7,1.3,.116,,-2.0,2.6,0.6,0.4
12,11,Chris Andersen,C,38,CLE,12,114,11.6,.497,.136,.636,9.0,20.6,15.0,5.9,2.2,5.0,15.1,13.0,,0.1,0.2,0.2,.102,,-3.8,3.0,-0.9,0.0
21,18,Joel Anthony,C,34,SAS,19,122,11.6,.640,.000,.500,7.6,20.9,14.4,3.4,0.8,4.0,17.0,8.7,,0.1,0.2,0.4,.141,,-3.1,2.5,-0.6,0.0
25,21,Ömer Aşık,C,30,NOP,31,482,9.8,.517,.000,.600,10.4,25.3,17.8,4.2,0.5,1.7,14.6,8.8,,0.4,0.6,1.0,.100,,-4.3,1.2,-3.1,-0.1
40,34,Aron Baynes,C,30,DET,75,1163,13.1,.570,.000,.337,10.0,21.6,15.6,3.9,0.7,2.8,13.5,14.1,,1.4,1.5,3.0,.123,,-2.9,1.1,-1.8,0.1
53,46,Bismack Biyombo,C,24,ORL,81,1793,12.2,.546,.000,.690,9.3,25.6,17.2,6.0,0.7,4.1,17.7,13.2,,0.8,2.1,2.9,.077,,-4.2,2.0,-2.2,-0.1
55,48,Tarik Black,C,25,LAL,67,1091,15.0,.560,.007,.371,13.9,20.7,17.2,5.3,1.3,3.3,14.5,15.7,,1.5,0.8,2.4,.105,,-1.8,0.2,-1.6,0.1
60,51,Andrew Bogut,C,32,TOT,27,583,9.3,.460,.012,.136,10.6,33.9,21.7,12.3,1.2,3.9,33.4,10.4,,-0.3,1.0,0.7,.055,,-5.6,5.3,-0.3,0.3
61,51,Andrew Bogut,C,32,DAL,26,582,9.4,.460,.012,.136,10.7,34.0,21.7,12.3,1.2,3.9,33.4,10.4,,-0.3,1.0,0.7,.055,,-5.6,5.3,-0.3,0.3
62,51,Andrew Bogut,C,32,CLE,1,1,-35.3,,,,0.0,0.0,0.0,0.0,0.0,0.0,,0.0,,0.0,0.0,0.0,.020,,-5.7,0.0,-5.7,0.0
89,71,Clint Capela,C,22,HOU,65,1551,21.4,.638,.000,.314,12.5,24.5,18.5,6.7,1.1,4.1,12.0,19.9,,3.8,2.1,5.9,.184,,0.0,0.9,0.9,1.1
97,76,Willie Cauley-Stein,C,23,SAC,75,1421,16.3,.558,.004,.314,7.0,20.4,13.8,9.4,1.9,2.8,11.2,19.7,,1.4,1.5,2.9,.100,,-2.0,0.8,-1.2,0.3
98,77,Tyson Chandler,C,34,PHO,47,1298,16.6,.703,.000,.544,12.5,33.2,22.6,3.3,1.2,1.5,18.7,11.2,,2.7,1.3,4.1,.151,,-0.7,0.3,-0.3,0.5
114,90,DeMarcus Cousins,C,26,TOT,72,2465,25.8,.562,.253,.468,7.0,29.2,18.2,25.8,2.0,3.4,13.5,36.5,,3.9,3.8,7.6,.149,,3.9,2.6,6.6,5.3
115,90,DeMarcus Cousins,C,26,SAC,55,1891,26.5,.562,.239,.491,7.1,28.3,17.8,27.4,2.0,3.6,13.2,37.5,,3.4,2.6,6.0,.153,,4.5,2.6,7.1,4.3
116,90,DeMarcus Cousins,C,26,NOP,17,574,23.2,.564,.306,.385,6.8,32.2,19.4,20.6,2.1,2.7,14.4,33.1,,0.5,1.1,1.6,.136,,2.0,2.8,4.8,1.0
126,100,Anthony Davis,C,23,NOP,75,2708,27.5,.580,.088,.424,6.7,27.9,17.2,11.1,1.7,5.1,9.1,32.6,,5.9,5.1,11.0,.195,,1.4,2.3,3.7,3.9
128,101,Deyonta Davis,C,20,MEM,36,238,10.6,.528,.000,.383,9.3,19.8,14.4,1.3,0.7,6.8,12.7,12.0,,0.1,0.4,0.5,.097,,-5.4,1.8,-3.7,-0.1
130,103,Dewayne Dedmon,C,27,SAS,76,1330,16.0,.645,.000,.359,11.2,30.6,21.1,4.8,1.4,3.7,16.9,12.3,,2.3,3.0,5.2,.189,,-1.6,3.2,1.7,1.2
142,115,Andre Drummond,C,23,DET,81,2409,20.9,.518,.008,.390,15.1,36.2,25.2,6.0,2.6,3.1,12.5,22.4,,1.4,5.3,6.7,.133,,-2.1,2.9,0.9,1.8
154,124,Joel Embiid,C,22,PHI,31,786,24.1,.584,.228,.569,8.5,25.6,17.0,16.0,1.7,7.7,17.9,36.0,,0.5,1.5,1.9,.117,,0.0,3.2,3.1,1.0
167,133,Cristiano Felício,C,24,CHI,66,1040,15.3,.603,.000,.421,12.8,19.5,16.1,5.7,1.2,1.3,11.2,12.4,,2.1,1.3,3.4,.158,,-0.6,0.6,0.0,0.5
178,141,Channing Frye,C,33,CLE,74,1398,15.6,.612,.644,.142,3.0,19.3,11.4,4.9,1.2,2.1,8.8,19.3,,2.3,1.4,3.7,.125,,0.8,-1.5,-0.6,0.5
184,145,Marc Gasol,C,32,MEM,74,2531,20.3,.554,.231,.286,2.6,18.8,10.5,24.8,1.4,3.7,11.3,26.4,,4.2,3.5,7.7,.145,,2.1,2.2,4.2,4.0
185,146,Pau Gasol,C,36,SAS,64,1627,20.2,.578,.172,.305,7.6,26.8,17.4,14.7,0.8,3.5,10.6,21.3,,3.3,3.1,6.4,.190,,0.9,2.8,3.7,2.4
196,155,Rudy Gobert,C,24,UTA,81,2744,23.3,.681,.002,.762,13.6,29.5,21.8,5.7,0.9,6.4,15.0,16.7,,8.3,6.0,14.3,.250,,1.4,4.5,5.8,5.4
202,159,Marcin Gortat,C,32,WAS,82,2556,15.4,.593,.003,.236,10.6,26.8,18.7,6.8,0.8,2.0,13.8,14.7,,3.9,2.9,6.8,.127,,-0.9,1.2,0.3,1.5
215,169,Justin Hamilton,C,26,BRK,64,1177,13.6,.550,.475,.137,6.5,17.0,11.8,7.3,1.2,2.8,9.7,16.2,,1.0,1.0,2.1,.084,,-0.9,0.2,-0.8,0.4
216,170,A.J. Hammons,C,24,DAL,22,163,8.4,.472,.238,.476,5.4,21.0,12.8,3.8,0.3,7.2,16.4,17.6,,-0.2,0.2,0.0,-0.001,,-7.5,2.0,-5.6,-0.1
221,175,Montrezl Harrell,C,23,HOU,58,1064,19.2,.662,.020,.351,8.3,14.2,11.2,9.6,0.9,3.2,9.9,17.6,,3.1,1.0,4.1,.183,,0.8,0.2,0.9,0.8
230,183,Udonis Haslem,C,36,MIA,16,130,8.8,.524,.130,.652,6.7,24.1,15.3,6.4,2.3,0.6,21.3,12.8,,0.0,0.2,0.2,.074,,-4.7,1.5,-3.2,0.0
236,187,John Henson,C,26,MIL,58,1123,15.3,.550,.003,.346,9.6,20.8,15.3,7.7,1.3,6.1,12.7,16.6,,1.2,1.6,2.7,.116,,-2.5,2.5,-0.1,0.6
238,189,Willy Hernangómez,C,22,NYK,72,1324,19.0,.564,.032,.269,13.8,27.1,20.4,11.5,1.5,2.2,16.1,20.3,,1.8,1.6,3.4,.123,,-0.6,0.6,0.0,0.7
240,191,Roy Hibbert,C,30,TOT,48,682,13.5,.614,.000,.510,8.7,15.9,12.3,4.6,0.6,5.9,15.1,14.0,,1.0,0.8,1.8,.129,,-2.9,1.8,-1.1,0.2
241,191,Roy Hibbert,C,30,CHO,42,671,13.5,.613,.000,.521,8.6,16.0,12.3,4.5,0.6,5.8,14.9,14.0,,1.0,0.8,1.8,.129,,-2.9,1.8,-1.1,0.1
242,191,Roy Hibbert,C,30,DEN,6,11,16.3,.667,.000,.000,10.1,10.0,10.0,13.5,0.0,14.1,25.0,15.5,,0.0,0.0,0.0,.119,,-1.9,5.1,3.2,0.0
246,193,Nenê Hilário,C,34,HOU,67,1198,18.9,.630,.023,.496,8.6,17.0,12.8,8.6,2.2,2.6,13.1,19.7,,2.5,1.6,4.1,.165,,-0.4,0.8,0.5,0.7
248,195,Jordan Hill,C,29,MIN,7,47,5.5,.432,.000,.154,19.6,15.1,17.4,0.0,1.1,0.0,22.4,16.8,,-0.1,0.0,0.0,-0.033,,-6.7,-6.2,-12.9,-0.1
255,201,Richaun Holmes,C,23,PHI,57,1193,18.6,.611,.187,.250,8.7,20.1,14.4,8.3,1.7,3.7,10.7,18.6,,2.2,1.6,3.8,.151,,0.2,1.5,1.7,1.1
257,203,Al Horford,C,30,BOS,68,2193,17.7,.553,.302,.169,4.9,18.6,11.8,24.4,1.2,3.2,11.8,19.7,,3.6,2.7,6.3,.138,,1.0,2.0,3.1,2.8
259,205,Dwight Howard,C,31,ATL,74,2199,20.8,.627,.003,.692,15.0,31.7,23.5,7.8,1.4,3.6,17.5,19.2,,3.8,4.5,8.3,.181,,-0.5,2.8,2.3,2.4
281,221,Al Jefferson,C,32,IND,66,931,18.9,.526,.002,.180,9.2,24.2,16.8,11.0,1.0,1.5,6.1,26.1,,1.2,1.1,2.3,.119,,-1.5,-1.5,-3.1,-0.2
295,233,Nikola Jokić,C,21,DEN,73,2038,26.3,.640,.163,.267,11.6,27.2,19.5,28.8,1.5,2.1,15.2,23.5,,7.7,2.0,9.7,.228,,6.2,2.2,8.4,5.3
297,235,Damian Jones,C,21,GSW,10,85,5.3,.466,.000,.625,12.4,17.0,14.8,0.0,0.6,3.7,22.7,13.4,,-0.1,0.1,0.0,.018,,-7.5,-2.1,-9.6,-0.2
304,240,DeAndre Jordan,C,28,LAC,81,2570,21.8,.673,.003,.737,13.3,34.6,24.2,5.7,1.0,4.3,13.1,15.3,,7.2,4.6,11.8,.221,,1.0,3.0,4.1,3.9
307,242,Frank Kaminsky,C,23,CHO,75,1954,13.0,.502,.441,.195,3.2,15.8,9.5,13.5,1.2,1.5,8.0,21.8,,0.4,1.9,2.3,.056,,-0.8,-0.8,-1.5,0.2
308,243,Enes Kanter,C,24,OKC,72,1533,23.7,.599,.052,.387,14.1,20.8,17.4,7.9,1.0,2.0,12.5,27.3,,4.0,1.8,5.8,.183,,0.6,-1.9,-1.2,0.3
316,249,Kosta Koufos,C,27,SAC,71,1419,13.8,.560,.003,.158,9.7,23.0,16.4,5.3,1.3,3.1,12.7,15.3,,1.2,1.4,2.6,.089,,-2.6,0.7,-1.9,0.0
323,254,Joffrey Lauvergne,C,25,CHI,20,241,11.6,.451,.217,.163,9.3,21.2,15.2,12.2,1.5,0.0,14.0,20.7,,-0.2,0.3,0.1,.025,,-3.5,-0.6,-4.0,-0.1
329,260,Alex Len,C,23,PHO,77,1560,15.0,.553,.026,.449,10.6,25.3,17.8,4.2,1.2,5.1,15.5,17.6,,1.2,1.7,3.0,.091,,-3.0,1.3,-1.7,0.1
341,269,Shawn Long,C,24,PHI,18,234,24.1,.595,.174,.321,19.3,20.8,20.0,10.7,1.9,3.1,9.5,25.4,,0.6,0.3,0.9,.195,,3.4,0.0,3.4,0.3
342,270,Kevon Looney,C,20,GSW,53,447,13.6,.553,.084,.318,11.5,18.5,15.2,8.5,1.6,3.0,12.2,13.4,,0.7,0.8,1.4,.155,,-1.4,1.8,0.4,0.3
343,271,Brook Lopez,C,28,BRK,75,2222,20.4,.578,.330,.311,5.8,13.3,9.6,14.8,0.8,4.2,12.1,29.2,,3.1,1.8,4.9,.105,,1.9,-0.4,1.5,2.0
344,272,Robin Lopez,C,28,CHI,81,2271,14.4,.511,.003,.134,11.5,13.2,12.3,5.6,0.4,4.1,10.0,17.5,,1.8,2.4,4.3,.090,,-1.9,1.0,-0.9,0.6
352,280,Ian Mahinmi,C,30,WAS,31,555,14.1,.601,.000,.676,9.6,20.8,15.2,4.7,2.9,3.6,19.1,14.0,,0.5,0.9,1.4,.123,,-2.1,2.9,0.8,0.4
354,281,Thon Maker,C,19,MIL,57,562,14.0,.558,.409,.271,8.4,15.2,11.8,6.2,0.9,4.1,7.7,17.8,,0.8,0.5,1.3,.113,,-0.5,-1.0,-1.5,0.1
355,282,Boban Marjanović,C,28,DET,35,293,29.6,.606,.000,.439,16.5,32.5,24.2,5.3,1.0,3.4,6.0,25.3,,1.2,0.5,1.7,.280,,1.0,-0.9,0.1,0.2
372,293,JaVale McGee,C,29,GSW,77,739,25.2,.642,.009,.348,15.9,20.1,18.1,3.8,1.2,7.1,9.8,23.8,,2.0,1.5,3.5,.225,,0.2,0.5,0.8,0.5
378,299,Salah Mejri,C,30,DAL,73,905,14.8,.650,.022,.445,11.9,28.4,19.8,2.4,1.8,6.1,19.6,10.6,,1.3,1.7,3.0,.159,,-3.6,3.8,0.2,0.5
388,308,Greg Monroe,C,26,MIL,81,1823,21.1,.572,.006,.329,10.8,23.1,17.0,17.3,2.6,1.8,14.4,24.3,,3.0,2.6,5.6,.147,,0.5,1.5,2.0,1.9
396,314,Timofey Mozgov,C,30,LAL,54,1104,12.3,.553,.003,.238,9.9,16.4,13.1,5.9,0.7,2.3,16.6,16.8,,0.7,0.4,1.1,.048,,-2.8,-0.8,-3.6,-0.4
401,319,Mike Muscala,C,25,ATL,70,1237,14.4,.596,.326,.190,6.9,14.4,10.7,11.9,1.2,2.8,13.1,14.8,,1.8,1.6,3.4,.132,,-0.4,1.5,1.1,1.0
413,328,Joakim Noah,C,31,NYK,46,1015,15.2,.491,.005,.386,17.1,25.6,21.4,14.1,1.5,3.0,19.7,12.6,,1.0,1.2,2.2,.106,,-0.7,2.8,2.1,1.1
414,329,Nerlens Noel,C,22,TOT,51,1047,20.4,.622,.003,.359,9.8,22.3,15.9,8.1,3.1,4.0,12.5,17.6,,2.1,1.9,4.0,.181,,-0.5,3.7,3.2,1.4
415,329,Nerlens Noel,C,22,PHI,29,564,20.8,.634,.006,.360,9.0,19.2,14.1,9.0,3.7,3.7,12.5,17.8,,1.1,1.0,2.2,.184,,0.2,3.7,3.9,0.8
416,329,Nerlens Noel,C,22,DAL,22,483,19.8,.606,.000,.358,10.8,26.0,18.0,7.0,2.4,4.5,12.4,17.3,,0.9,0.9,1.8,.178,,-1.3,3.8,2.5,0.5
417,330,Lucas Nogueira,C,24,TOR,57,1088,15.5,.682,.077,.429,8.5,16.8,12.7,5.4,2.4,7.1,19.9,9.5,,1.7,2.0,3.7,.164,,-0.1,5.6,5.4,2.0
420,333,Jusuf Nurkić,C,22,TOT,65,1391,17.5,.528,.002,.393,12.3,24.8,18.6,13.9,1.8,4.2,18.6,23.9,,0.2,1.8,2.0,.068,,-2.3,2.2,-0.2,0.6
421,333,Jusuf Nurkić,C,22,DEN,45,807,15.0,.515,.000,.379,12.3,23.2,17.8,11.1,1.5,3.5,18.9,22.6,,-0.2,0.8,0.6,.034,,-3.2,1.0,-2.3,-0.1
422,333,Jusuf Nurkić,C,22,POR,20,584,21.1,.545,.004,.411,12.3,27.1,19.7,17.7,2.1,5.2,18.2,25.7,,0.4,1.0,1.4,.116,,-1.1,3.8,2.7,0.7
427,336,Kyle O'Quinn,C,26,NYK,79,1229,20.5,.552,.041,.201,13.7,24.8,19.2,14.8,1.5,6.9,14.5,18.5,,2.1,1.8,3.9,.151,,-0.1,3.7,3.5,1.7
428,337,Daniel Ochefu,C,23,WAS,19,75,6.6,.430,.000,.074,7.6,25.4,16.5,5.8,1.3,0.0,9.7,18.0,,-0.1,0.1,0.0,.005,,-6.5,-1.9,-8.4,-0.1
429,338,Jahlil Okafor,C,21,PHI,50,1134,14.8,.546,.000,.335,7.8,15.5,11.7,9.0,0.9,3.4,14.4,24.1,,0.1,1.1,1.2,.050,,-3.4,0.1,-3.3,-0.4
431,340,Kelly Olynyk,C,25,BOS,75,1538,15.3,.603,.378,.242,5.3,20.7,13.1,15.2,1.4,1.5,14.6,19.0,,2.2,1.9,4.1,.127,,0.1,0.5,0.7,1.0
433,341,Arinze Onuaku,C,29,ORL,8,28,5.8,.500,.000,.000,7.6,16.0,11.7,9.9,0.0,2.9,33.3,9.4,,0.0,0.0,0.0,-0.005,,-6.5,0.7,-5.9,0.0
434,342,Chinanu Onuaku,C,20,HOU,5,52,12.3,.799,.000,.571,4.2,16.8,10.5,7.8,2.8,1.6,31.3,10.4,,0.1,0.1,0.1,.123,,-2.4,1.8,-0.6,0.0
436,344,Zaza Pachulia,C,32,GSW,70,1268,16.1,.588,.007,.410,12.9,22.0,17.7,13.6,2.2,2.0,19.4,15.3,,2.3,2.5,4.7,.178,,-0.3,3.0,2.7,1.5
437,345,Georgios Papagiannis,C,19,SAC,22,355,12.7,.573,.020,.137,7.9,20.0,14.0,9.0,0.4,4.4,18.2,16.9,,0.1,0.3,0.4,.057,,-3.5,0.8,-2.7,-0.1
451,357,Marshall Plumlee,C,24,NYK,21,170,10.9,.521,.000,.633,14.5,17.8,16.2,8.1,1.2,1.9,23.8,12.8,,0.0,0.1,0.2,.048,,-2.9,0.1,-2.8,0.0
452,358,Mason Plumlee,C,26,TOT,81,2148,18.1,.558,.010,.482,8.8,22.4,15.6,19.8,1.6,3.4,15.1,18.1,,3.6,2.4,6.0,.135,,0.0,2.6,2.7,2.5
453,358,Mason Plumlee,C,26,POR,54,1516,18.9,.552,.011,.507,8.7,22.9,15.8,21.4,1.6,3.3,14.0,18.3,,2.8,1.8,4.6,.147,,0.3,2.8,3.1,2.0
454,358,Mason Plumlee,C,26,DEN,27,632,16.3,.571,.006,.420,8.8,21.3,15.1,15.9,1.5,3.6,17.7,17.5,,0.8,0.6,1.4,.107,,-0.7,2.2,1.5,0.6
455,359,Miles Plumlee,C,28,TOT,45,484,8.4,.518,.000,.424,9.0,13.3,11.1,6.1,1.9,2.4,21.6,13.1,,-0.1,0.5,0.5,.045,,-4.4,0.7,-3.6,-0.2
456,359,Miles Plumlee,C,28,MIL,32,310,8.0,.492,.000,.515,8.7,11.1,10.0,8.2,1.8,2.6,20.9,15.5,,-0.2,0.3,0.1,.021,,-4.6,0.4,-4.2,-0.2
457,359,Miles Plumlee,C,28,CHO,13,174,9.0,.602,.000,.167,9.4,17.2,13.3,2.5,2.0,2.0,23.7,8.7,,0.1,0.2,0.3,.087,,-3.9,1.3,-2.5,0.0
458,360,Jakob Pöltl,C,21,TOR,54,626,12.2,.589,.000,.496,14.1,15.7,14.9,2.7,1.4,2.8,17.2,12.1,,0.9,0.7,1.6,.125,,-1.2,0.5,-0.7,0.2
463,364,Dwight Powell,C,25,DAL,77,1333,17.6,.588,.196,.374,7.7,19.5,13.3,6.1,2.4,2.6,7.2,16.7,,2.7,1.9,4.6,.165,,-0.5,1.9,1.4,1.2
474,373,Willie Reed,C,26,MIA,71,1031,17.1,.578,.014,.309,13.7,22.0,17.8,3.9,0.9,3.6,8.7,15.3,,2.1,1.5,3.6,.168,,-1.3,0.7,-0.6,0.4
495,391,Larry Sanders,C,28,CLE,5,13,6.5,.410,.000,.500,26.3,8.2,17.0,0.0,3.8,6.2,29.1,23.6,,0.0,0.0,0.0,-0.029,,-8.7,-0.9,-9.6,0.0
515,408,Jason Smith,C,30,WAS,74,1068,13.6,.598,.237,.155,6.8,20.4,13.6,5.0,1.0,4.2,14.2,16.7,,1.0,1.3,2.3,.103,,-2.0,0.6,-1.4,0.2
517,410,Marreese Speights,C,29,LAC,82,1286,17.5,.584,.505,.250,7.9,24.1,16.2,8.0,0.9,2.6,10.2,23.6,,2.5,1.7,4.2,.155,,1.5,-0.8,0.7,0.9
518,411,Tiago Splitter,C,32,PHI,8,76,15.0,.544,.194,.355,11.6,20.3,15.9,8.9,0.6,1.0,14.3,23.9,,0.1,0.1,0.1,.072,,-2.6,-2.5,-5.0,-0.1
524,414,Jarnell Stokes,C,23,DEN,2,7,31.5,.798,.000,2.000,15.9,15.6,15.8,40.1,7.0,0.0,0.0,11.4,,0.1,0.0,0.1,.480,,11.8,3.6,15.4,0.0
525,415,Diamond Stone,C,19,LAC,7,24,-1.2,.339,.000,.308,4.8,22.7,14.0,0.0,0.0,3.4,11.9,31.3,,-0.1,0.0,-0.1,-0.211,,-17.3,-6.8,-24.1,-0.1
528,418,Edy Tavares,C,24,TOT,2,28,21.3,.633,.000,.600,16.3,26.8,21.6,5.1,0.0,17.3,24.0,13.2,,0.0,0.1,0.1,.150,,-3.8,7.7,3.9,0.0
529,418,Edy Tavares,C,24,ATL,1,4,13.1,.532,.000,2.000,0.0,27.1,13.7,0.0,0.0,0.0,0.0,20.5,,0.0,0.0,0.0,-0.047,,-8.1,-7.0,-15.1,0.0
530,418,Edy Tavares,C,24,CLE,1,24,22.6,.676,.000,.250,19.0,26.7,23.0,6.0,0.0,20.2,31.1,12.0,,0.0,0.1,0.1,.183,,-3.1,10.1,7.0,0.1
543,428,Tristan Thompson,C,25,CLE,78,2336,15.3,.594,.007,.487,13.9,19.6,16.9,4.6,0.8,2.9,10.8,11.3,,5.0,2.3,7.3,.149,,0.0,1.5,1.5,2.0
545,430,Mike Tobey,C,22,CHO,2,25,-0.1,.250,.000,.000,8.7,4.4,6.6,5.4,0.0,0.0,20.0,9.0,,0.0,0.0,0.0,-0.070,,-7.4,-1.5,-8.9,0.0
550,433,Karl-Anthony Towns,C,21,MIN,82,3030,25.9,.618,.186,.289,11.2,27.8,19.4,13.2,0.9,2.9,11.3,27.5,,9.9,2.8,12.7,.201,,4.7,0.2,4.9,5.3
555,436,Myles Turner,C,20,IND,81,2541,18.5,.585,.132,.349,6.2,19.6,13.0,6.6,1.5,5.9,9.5,19.5,,4.3,3.7,8.0,.151,,-0.3,2.6,2.4,2.8
559,440,Jonas Valančiūnas,C,24,TOR,80,2066,20.1,.601,.003,.309,12.4,29.1,20.8,4.4,0.9,2.6,11.7,19.5,,4.9,3.0,7.9,.183,,-0.5,-0.1,-0.6,0.7
563,443,Anderson Varejão,C,34,GSW,14,92,9.4,.478,.000,.786,15.3,16.8,16.1,13.0,1.6,2.6,29.8,12.6,,0.0,0.1,0.2,.097,,-3.2,2.5,-0.6,0.0
567,447,Nikola Vučević,C,26,ORL,75,2163,19.1,.498,.073,.155,8.6,31.3,19.6,16.9,1.7,2.8,9.6,24.8,,0.8,3.1,4.0,.088,,-1.4,2.3,0.9,1.6
579,457,David West,C,36,GSW,68,854,16.6,.571,.032,.222,6.5,18.8,13.0,24.1,2.4,4.4,22.0,17.9,,0.9,1.7,2.6,.148,,-1.7,3.9,2.2,0.9
584,461,Hassan Whiteside,C,27,MIA,77,2513,22.6,.579,.000,.368,12.8,35.3,24.0,3.8,1.1,5.0,12.0,22.7,,4.2,5.3,9.5,.181,,-2.0,1.5,-0.5,0.9
587,464,Alan Williams,C,24,PHO,47,708,19.5,.547,.004,.419,14.0,31.2,22.4,5.2,1.8,3.7,10.5,20.9,,1.1,0.9,2.1,.142,,-1.8,0.1,-1.7,0.1
604,473,Jeff Withey,C,26,UTA,51,432,18.8,.588,.010,.466,14.3,17.9,16.2,2.5,1.9,6.0,10.1,14.9,,1.0,0.9,1.8,.205,,-1.2,2.7,1.6,0.4
614,482,Cody Zeller,C,24,CHO,62,1725,16.7,.604,.002,.442,8.6,17.3,12.9,9.1,1.8,3.0,10.9,15.5,,3.4,2.2,5.6,.157,,-0.2,2.3,2.1,1.8
615,483,Tyler Zeller,C,27,BOS,51,525,13.0,.508,.006,.247,9.2,17.0,13.2,12.2,0.7,3.3,10.2,16.5,,0.5,0.6,1.0,.094,,-3.3,0.8,-2.5,-0.1
616,484,Stephen Zimmerman,C,20,ORL,19,108,7.3,.346,.000,.161,10.8,24.9,17.6,5.3,0.9,3.7,8.3,14.8,,-0.1,0.1,0.0,-0.005,,-7.8,0.4,-7.3,-0.1
618,486,Ivica Zubac,C,19,LAL,38,609,17.0,.547,.013,.206,7.1,21.9,14.3,8.1,1.1,4.4,10.4,20.3,,0.6,0.5,1.1,.086,,-2.7,0.3,-2.5,-0.1
