,Rk,Player,Pos,Age,Tm,G,MP,PER,TS%,3PAr,FTr,ORB%,DRB%,TRB%,AST%,STL%,BLK%,TOV%,USG%,Unnamed: 19,OWS,DWS,WS,WS/48,Unnamed: 24,OBPM,DBPM,BPM,VORP
2,3,Steven Adams,C,24,OKC,76,2487,20.6,.630,.003,.402,16.6,13.9,15.3,5.5,1.8,2.8,13.3,16.7,,6.7,3.0,9.7,.187,,2.2,1.1,3.3,3.3
3,4,Bam Adebayo,C,20,MIA,69,1368,15.7,.570,.021,.526,9.7,21.6,15.6,11.0,1.2,2.5,13.6,15.9,,2.3,1.9,4.2,.148,,-1.6,1.8,0.2,0.8
5,6,Cole Aldrich,C,29,MIN,21,49,6.0,.340,.000,.400,7.0,28.6,17.6,8.2,2.0,1.8,5.4,16.8,,-0.1,0.1,0.0,-0.013,,-7.0,0.0,-7.0,-0.1
6,7,LaMarcus Aldridge,C,32,SAS,75,2509,25.0,.570,.068,.296,10.8,17.3,14.0,11.3,0.9,3.0,6.8,29.1,,7.4,3.5,10.9,.209,,3.0,0.3,3.3,3.3
7,8,Jarrett Allen,C,19,BRK,72,1441,17.5,.636,.038,.370,10.5,18.1,14.3,5.4,0.9,4.6,15.1,16.3,,2.7,1.5,4.2,.141,,-1.3,1.4,0.2,0.8
14,15,Ike Anigbogu,C,19,IND,11,30,21.6,.558,.000,.667,19.0,15.0,16.9,0.0,1.7,8.9,14.7,20.3,,0.1,0.0,0.1,.165,,-4.1,-1.2,-5.4,0.0
23,23,Ömer Aşık,C,31,TOT,18,182,3.1,.397,.000,.591,5.5,22.2,14.0,2.1,0.5,1.9,24.5,8.7,,-0.2,0.2,-0.1,-0.021,,-8.1,0.0,-8.1,-0.3
24,23,Ömer Aşık,C,31,NOP,14,121,4.5,.423,.000,.750,6.5,26.0,16.6,2.0,0.4,1.3,19.0,9.4,,-0.1,0.1,0.0,.008,,-7.4,-0.7,-8.1,-0.2
25,23,Ömer Aşık,C,31,CHI,4,61,0.2,.311,.000,.167,3.4,14.6,8.8,2.1,0.8,2.9,38.3,7.4,,-0.1,0.0,-0.1,-0.078,,-9.6,1.6,-8.0,-0.1
39,35,Aron Baynes,C,31,BOS,81,1485,12.0,.502,.047,.175,9.7,22.1,16.0,9.6,0.7,2.9,14.3,16.8,,0.5,2.5,3.0,.097,,-3.8,2.1,-1.7,0.1
48,41,Jordan Bell,C,23,GSW,57,809,18.0,.641,.022,.238,8.9,19.0,14.3,16.9,2.1,5.5,20.0,13.9,,1.6,1.4,2.9,.174,,0.0,3.7,3.7,1.2
53,46,Khem Birch,C,25,ORL,42,578,16.4,.582,.000,.484,13.2,21.1,17.1,8.5,1.3,2.9,12.1,13.2,,1.2,0.6,1.8,.150,,-1.1,1.4,0.3,0.3
55,48,Bismack Biyombo,C,25,ORL,82,1495,14.1,.556,.003,.446,10.5,24.0,17.2,6.5,0.7,5.1,16.6,14.9,,1.1,1.8,2.9,.094,,-3.7,2.1,-1.6,0.2
57,50,Tarik Black,C,26,HOU,51,536,14.3,.582,.087,.496,13.4,20.9,17.1,3.7,1.9,4.8,18.4,15.6,,0.5,1.0,1.5,.136,,-3.0,2.1,-1.0,0.1
65,56,Andrew Bogut,C,33,LAL,24,216,10.9,.696,.000,.080,12.9,25.4,19.2,9.1,0.9,4.9,42.3,8.8,,0.1,0.3,0.4,.094,,-3.6,3.6,0.0,0.1
77,62,Tony Bradley,C,20,UTA,9,29,9.5,.337,.091,.182,15.8,27.1,21.5,5.0,0.0,0.0,0.0,18.4,,0.0,0.0,0.0,.033,,-6.6,-3.0,-9.6,-0.1
92,75,Thomas Bryant,C,20,LAL,15,72,9.9,.441,.476,.429,4.5,20.5,12.6,11.5,0.7,2.3,7.4,15.9,,0.0,0.1,0.1,.050,,-3.8,-0.4,-4.2,0.0
107,85,Clint Capela,C,23,HOU,74,2034,24.5,.650,.001,.380,13.5,30.8,22.2,5.7,1.4,5.7,11.5,19.4,,6.2,4.1,10.2,.242,,0.1,2.9,3.0,2.6
113,91,Willie Cauley-Stein,C,24,SAC,73,2044,17.6,.529,.016,.320,7.0,22.0,14.2,13.7,1.9,3.1,11.0,21.8,,1.7,2.2,3.9,.092,,-1.3,1.7,0.4,1.2
116,94,Tyson Chandler,C,35,PHO,46,1151,14.2,.658,.000,.497,12.2,26.8,19.4,6.6,0.7,1.9,20.6,10.6,,1.9,0.8,2.7,.111,,-1.3,1.0,-0.3,0.5
129,102,Zach Collins,C,20,POR,66,1045,7.5,.475,.391,.145,4.7,18.2,11.5,7.1,0.8,2.4,15.9,15.4,,-0.7,1.3,0.6,.030,,-4.1,0.9,-3.2,-0.3
138,111,Matt Costello,C,24,SAS,4,32,9.7,.500,.000,.000,3.4,27.9,15.6,8.3,3.2,5.2,20.0,7.0,,0.0,0.1,0.1,.127,,-5.0,6.6,1.6,0.0
139,112,DeMarcus Cousins,C,27,NOP,48,1737,22.6,.583,.340,.456,6.8,30.9,19.2,23.0,2.2,3.5,18.9,31.9,,1.5,3.2,4.7,.130,,1.9,3.6,5.5,3.3
155,123,Deyonta Davis,C,21,MEM,62,943,16.6,.621,.000,.215,9.0,22.0,15.3,7.1,0.8,3.9,9.9,15.3,,1.9,0.8,2.7,.138,,-1.3,0.4,-0.9,0.3
156,124,Ed Davis,C,28,POR,78,1471,15.5,.607,.003,.380,13.7,28.8,21.3,3.9,1.1,2.9,16.2,12.1,,2.5,2.5,5.0,.164,,-1.8,1.8,0.0,0.7
157,125,Dewayne Dedmon,C,28,ATL,62,1542,15.8,.599,.296,.180,7.2,28.1,17.7,9.2,1.3,2.8,14.3,17.0,,1.8,1.9,3.7,.114,,-1.0,1.6,0.5,1.0
164,132,Gorgui Dieng,C,28,MIN,79,1333,14.7,.543,.157,.263,9.1,22.2,15.6,7.5,1.7,2.6,12.0,16.3,,1.6,1.4,2.9,.105,,-1.0,0.6,-0.4,0.5
174,140,Andre Drummond,C,24,DET,78,2625,22.9,.555,.012,.448,16.4,36.4,26.2,14.3,2.2,4.3,15.9,21.2,,4.6,5.7,10.3,.189,,0.2,5.3,5.5,5.0
184,147,Joel Embiid,C,23,PHI,63,1912,22.9,.573,.203,.442,8.4,29.7,19.4,18.0,1.0,4.8,15.6,33.4,,2.3,3.8,6.2,.155,,0.1,2.5,2.6,2.2
194,155,Derrick Favors,C,26,UTA,77,2153,18.8,.593,.090,.306,10.6,18.5,14.6,7.8,1.3,3.2,9.9,18.5,,4.5,3.5,8.0,.179,,0.5,2.2,2.7,2.5
198,157,Cristiano Felício,C,25,CHI,55,977,12.5,.614,.009,.377,8.8,17.1,12.8,8.4,0.8,1.0,17.7,13.6,,1.2,0.5,1.7,.086,,-2.3,-0.1,-2.4,-0.1
208,166,Channing Frye,C,34,TOT,53,695,13.1,.599,.542,.090,1.9,19.4,10.8,7.9,1.3,1.6,8.7,15.2,,0.9,0.6,1.5,.101,,-0.7,-1.0,-1.7,0.1
209,166,Channing Frye,C,34,CLE,44,545,13.9,.604,.533,.089,2.1,20.3,11.3,7.5,1.5,1.9,8.8,15.6,,0.7,0.5,1.2,.104,,-0.5,-0.8,-1.3,0.1
210,166,Channing Frye,C,34,LAL,9,150,10.2,.581,.581,.093,1.4,16.2,8.9,9.5,0.3,0.5,8.2,13.8,,0.2,0.1,0.3,.091,,-1.3,-1.8,-3.0,0.0
214,170,Marc Gasol,C,33,MEM,73,2408,17.4,.532,.310,.326,3.7,25.3,14.2,21.7,1.1,3.9,14.1,25.6,,1.5,2.6,4.0,.080,,-0.1,1.6,1.5,2.1
215,171,Pau Gasol,C,37,SAS,77,1812,18.9,.539,.191,.333,7.8,30.2,19.0,20.1,0.7,3.6,13.1,20.4,,2.7,3.3,6.0,.159,,-0.1,3.3,3.2,2.4
222,178,Rudy Gobert,C,25,UTA,56,1816,20.7,.657,.000,.673,10.4,27.0,18.8,6.9,1.2,6.0,15.7,16.9,,4.2,3.9,8.1,.214,,-0.3,4.6,4.3,2.9
226,181,Marcin Gortat,C,33,WAS,82,2075,14.7,.546,.000,.291,9.9,24.0,17.0,10.6,1.0,2.6,13.5,15.5,,2.4,2.4,4.9,.113,,-1.6,1.9,0.3,1.2
243,196,Montrezl Harrell,C,24,LAC,76,1293,24.7,.647,.013,.405,8.9,17.0,13.0,10.1,1.4,3.4,9.5,23.8,,4.3,1.3,5.5,.205,,2.4,0.0,2.4,1.5
257,205,Udonis Haslem,C,37,MIA,14,72,1.8,.252,.533,.133,4.7,10.9,7.8,9.2,0.0,2.4,11.2,11.1,,-0.1,0.1,-0.1,-0.059,,-7.1,-0.4,-7.5,-0.1
265,210,John Henson,C,27,MIL,76,1970,15.7,.582,.014,.315,9.0,21.5,15.3,8.6,1.1,4.7,12.8,15.0,,2.8,2.2,4.9,.120,,-1.4,1.8,0.4,1.2
267,212,Willy Hernangómez,C,23,TOT,48,495,21.2,.604,.073,.549,13.3,27.2,20.2,10.5,1.8,2.7,14.7,21.0,,1.1,0.7,1.8,.174,,0.1,0.8,0.9,0.4
268,212,Willy Hernangómez,C,23,NYK,26,233,16.9,.595,.062,.346,10.5,21.3,15.9,14.3,1.7,2.6,21.8,22.4,,0.1,0.3,0.3,.069,,-1.5,0.8,-0.6,0.1
269,212,Willy Hernangómez,C,23,CHO,22,262,25.0,.612,.084,.747,15.8,32.4,24.0,7.1,1.9,2.9,7.5,19.7,,1.0,0.4,1.5,.266,,1.4,0.8,2.2,0.3
273,216,Nenê Hilário,C,35,HOU,52,758,16.4,.594,.008,.448,8.1,18.0,13.1,9.5,1.8,1.6,11.7,18.9,,1.5,1.1,2.6,.163,,-1.5,0.7,-0.8,0.2
284,224,Richaun Holmes,C,24,PHI,48,746,17.4,.585,.129,.232,8.6,21.4,15.2,12.3,1.3,3.2,8.6,16.6,,1.6,1.3,2.8,.183,,-0.2,1.9,1.7,0.7
289,227,Al Horford,C,31,BOS,72,2277,17.6,.575,.300,.159,5.0,20.2,12.7,23.6,0.9,2.9,14.1,18.4,,4.0,3.8,7.8,.165,,1.1,2.9,4.0,3.5
291,229,Dwight Howard,C,32,CHO,81,2463,20.5,.577,.008,.639,11.0,33.8,22.2,7.1,1.0,4.4,15.1,24.2,,2.9,3.9,6.8,.132,,-2.0,1.7,-0.3,1.1
319,250,Al Jefferson,C,33,IND,36,484,20.2,.563,.014,.173,7.0,26.2,16.7,10.0,1.7,4.2,8.6,22.5,,0.8,0.8,1.6,.158,,-1.7,1.3,-0.5,0.2
323,254,Amir Johnson,C,30,PHI,74,1171,14.9,.575,.123,.327,11.8,18.3,15.2,13.9,1.8,3.1,15.6,12.8,,2.1,2.0,4.1,.169,,-0.2,3.1,2.9,1.5
327,256,Dakari Johnson,C,22,OKC,31,161,16.4,.575,.000,.513,10.7,12.8,11.7,7.2,1.8,4.5,5.9,13.5,,0.4,0.2,0.6,.178,,-0.9,1.2,0.3,0.1
337,263,Nikola Jokić,C,22,DEN,75,2443,24.4,.603,.277,.310,9.0,27.9,18.5,29.6,1.8,2.1,15.5,24.2,,7.8,2.9,10.7,.211,,4.8,2.3,7.1,5.6
338,264,Damian Jones,C,22,GSW,15,89,6.8,.517,.000,.227,6.8,10.6,8.8,2.9,0.5,2.7,14.2,13.9,,0.0,0.1,0.1,.031,,-4.9,-1.7,-6.6,-0.1
346,268,DeAndre Jordan,C,29,LAC,77,2424,20.2,.648,.000,.540,15.1,37.6,26.5,7.1,0.8,2.4,16.1,15.2,,6.0,3.4,9.4,.186,,0.5,1.6,2.1,2.5
349,271,Enes Kanter,C,25,NYK,71,1830,24.0,.630,.003,.258,16.6,30.6,23.6,9.4,1.0,1.7,13.3,21.8,,5.5,2.1,7.6,.198,,2.4,0.1,2.5,2.1
361,279,Kosta Koufos,C,28,SAC,71,1391,17.5,.566,.000,.190,11.7,27.6,19.3,9.7,1.7,2.2,10.4,15.2,,2.3,1.5,3.9,.134,,-0.8,1.4,0.5,0.9
368,285,Joffrey Lauvergne,C,26,SAS,55,534,16.5,.536,.026,.247,13.0,22.6,17.8,12.2,0.9,0.5,13.5,20.4,,0.6,0.7,1.3,.120,,-1.4,-0.1,-1.6,0.1
375,292,Alex Len,C,24,PHO,69,1395,19.4,.612,.008,.611,13.2,26.7,19.8,9.1,0.9,3.5,14.0,17.0,,3.2,1.3,4.5,.154,,-0.3,1.1,0.8,1.0
377,294,Meyers Leonard,C,25,POR,33,254,17.8,.676,.333,.141,5.2,24.7,15.0,10.6,1.4,0.0,10.8,16.1,,0.7,0.3,1.1,.200,,1.2,-0.2,0.9,0.2
387,301,Kevon Looney,C,21,GSW,66,910,14.8,.588,.026,.399,11.0,15.2,13.2,6.0,1.8,4.9,12.0,12.4,,1.5,1.3,2.8,.145,,-0.9,2.1,1.2,0.7
388,302,Brook Lopez,C,29,LAL,74,1735,16.5,.557,.410,.199,4.6,13.4,9.0,11.6,0.8,4.6,10.2,23.5,,1.9,1.9,3.8,.105,,0.3,0.2,0.5,1.1
389,303,Robin Lopez,C,29,CHI,64,1690,14.7,.552,.022,.140,8.2,10.3,9.2,12.3,0.4,2.8,13.5,20.4,,1.2,0.7,1.9,.055,,-1.7,-0.3,-1.9,0.0
390,304,Kevin Love,C,29,CLE,59,1651,22.4,.614,.453,.365,7.0,29.8,18.6,9.8,1.3,1.2,9.6,25.1,,4.7,1.6,6.4,.185,,2.7,-1.5,1.3,1.4
397,311,Ian Mahinmi,C,31,WAS,77,1145,12.2,.601,.008,.516,13.4,17.4,15.4,6.6,1.6,3.2,24.7,15.6,,0.8,1.4,2.2,.093,,-2.3,1.6,-0.7,0.4
398,312,Thon Maker,C,20,MIL,74,1238,10.2,.499,.329,.294,7.1,14.2,10.6,5.2,1.5,3.7,11.0,14.6,,0.3,1.1,1.5,.056,,-2.7,0.0,-2.7,-0.2
399,313,Boban Marjanović,C,29,TOT,39,337,26.0,.616,.000,.655,15.7,31.4,23.5,11.2,1.5,2.8,15.9,29.4,,1.0,0.5,1.5,.215,,-0.3,-0.3,-0.6,0.1
400,313,Boban Marjanović,C,29,DET,19,171,21.6,.597,.000,.570,9.5,27.7,18.4,14.4,1.2,3.1,18.2,31.3,,0.2,0.3,0.5,.138,,-2.5,0.4,-2.1,0.0
401,313,Boban Marjanović,C,29,LAC,20,166,30.6,.637,.000,.754,22.1,35.2,28.8,7.9,1.8,2.5,13.2,27.5,,0.7,0.3,1.0,.293,,2.0,-1.1,1.0,0.1
405,317,Mangok Mathiang,C,25,CHO,4,20,18.0,.538,.000,.143,16.0,38.5,27.1,0.0,2.4,0.0,0.0,16.1,,0.0,0.0,0.1,.183,,-4.1,-5.8,-9.8,0.0
418,327,JaVale McGee,C,30,GSW,65,615,22.3,.641,.027,.237,11.5,18.7,15.4,8.0,1.6,7.3,10.0,19.2,,1.7,1.1,2.7,.212,,0.4,2.1,2.6,0.7
425,334,Salah Mejri,C,31,DAL,61,729,17.8,.644,.022,.482,12.5,25.4,18.7,7.2,1.5,8.2,19.0,12.8,,1.3,1.3,2.7,.175,,-2.2,5.3,3.1,0.9
440,346,Greg Monroe,C,27,TOT,51,1040,21.2,.598,.000,.308,11.4,25.2,18.3,18.7,2.1,1.8,17.7,22.4,,1.8,1.6,3.4,.155,,0.1,2.3,2.4,1.2
441,346,Greg Monroe,C,27,MIL,5,79,11.1,.489,.000,.121,8.9,28.1,18.5,10.2,0.0,0.0,14.7,23.3,,-0.1,0.0,0.0,-0.013,,-6.1,-3.5,-9.7,-0.2
442,346,Greg Monroe,C,27,PHO,20,465,21.0,.642,.000,.297,11.3,25.7,18.4,18.2,1.6,1.0,18.6,19.6,,1.0,0.4,1.4,.142,,1.1,1.1,2.3,0.5
443,346,Greg Monroe,C,27,BOS,26,496,23.0,.580,.000,.348,11.9,24.4,18.2,20.5,2.8,2.9,17.4,24.9,,0.8,1.1,2.0,.193,,0.2,4.3,4.5,0.8
453,356,Timofey Mozgov,C,31,BRK,31,359,12.3,.617,.194,.323,9.4,19.7,14.5,4.8,0.7,2.7,23.7,16.8,,0.1,0.3,0.4,.055,,-3.8,-0.3,-4.1,-0.2
464,362,Mike Muscala,C,26,ATL,53,1060,14.4,.597,.535,.199,5.9,18.3,12.1,7.3,1.4,2.2,11.0,15.7,,1.5,0.9,2.4,.109,,0.0,0.2,0.2,0.6
466,364,Larry Nance,C,25,TOT,66,1421,20.2,.605,.029,.332,12.4,22.0,17.3,8.6,3.0,2.2,9.7,15.9,,3.5,2.3,5.8,.196,,0.9,2.4,3.3,1.9
467,364,Larry Nance,C,25,LAL,42,922,19.4,.618,.016,.344,12.6,20.2,16.4,9.2,3.1,1.8,12.3,15.3,,2.1,1.5,3.7,.191,,1.0,2.7,3.8,1.3
468,364,Larry Nance,C,25,CLE,24,499,21.5,.585,.050,.313,12.1,25.5,18.9,7.6,2.8,3.1,5.2,17.0,,1.4,0.7,2.1,.206,,0.8,1.7,2.6,0.6
475,369,Joakim Noah,C,32,NYK,7,40,15.6,.510,.000,.400,16.7,22.1,19.4,14.0,2.5,4.3,25.4,17.2,,0.0,0.1,0.1,.072,,-2.4,3.4,1.0,0.0
476,370,Nerlens Noel,C,23,DAL,30,472,16.2,.558,.010,.267,10.9,29.3,19.8,6.3,3.3,4.1,18.1,13.8,,0.4,1.0,1.3,.135,,-3.5,4.5,1.0,0.4
477,371,Lucas Nogueira,C,25,TOR,49,418,17.3,.661,.238,.350,4.9,18.1,11.7,7.2,2.7,8.2,14.8,11.4,,0.7,1.0,1.6,.188,,-0.7,6.2,5.4,0.8
478,372,Dirk Nowitzki,C,39,DAL,77,1900,16.7,.575,.445,.142,1.2,25.2,12.8,10.4,1.1,2.1,6.0,20.5,,2.6,2.2,4.8,.121,,0.1,0.3,0.3,1.1
480,374,Jusuf Nurkić,C,23,POR,79,2088,19.2,.528,.007,.287,10.0,26.9,18.5,11.7,1.5,4.3,14.6,26.4,,0.8,3.9,4.7,.108,,-2.6,2.8,0.3,1.2
484,378,Kyle O'Quinn,C,27,NYK,77,1387,20.0,.625,.044,.331,9.7,27.8,18.8,16.8,1.3,6.1,18.5,17.0,,2.7,2.1,4.8,.166,,0.3,4.3,4.5,2.3
486,380,Emeka Okafor,C,35,NOP,26,353,16.4,.545,.000,.232,14.9,21.7,18.4,3.1,1.1,5.6,11.0,14.4,,0.5,0.5,1.0,.140,,-2.6,1.3,-1.3,0.1
488,381,Jahlil Okafor,C,22,TOT,28,353,15.3,.584,.029,.210,6.3,19.4,12.8,5.9,0.4,3.9,12.2,21.0,,0.3,0.3,0.6,.083,,-3.7,-0.8,-4.5,-0.2
489,381,Jahlil Okafor,C,22,PHI,2,25,8.8,.465,.000,.444,17.9,20.7,19.4,5.8,0.0,6.7,21.8,23.5,,0.0,0.0,0.0,.005,,-7.5,0.5,-7.0,0.0
490,381,Jahlil Okafor,C,22,BRK,26,328,15.8,.593,.031,.194,5.5,19.3,12.3,5.9,0.4,3.6,11.4,20.9,,0.3,0.3,0.6,.089,,-3.4,-0.8,-4.3,-0.2
493,384,Chinanu Onuaku,C,21,HOU,1,22,-3.2,.400,.000,.000,5.2,15.2,10.2,6.4,0.0,0.0,37.5,16.1,,-0.1,0.0,-0.1,-0.147,,-11.1,-1.2,-12.3,-0.1
496,387,Zaza Pachulia,C,33,GSW,69,972,17.0,.612,.004,.352,11.0,25.0,18.5,15.2,1.9,1.4,19.1,17.0,,1.8,1.4,3.3,.161,,-0.5,1.3,0.8,0.7
498,389,Georgios Papagiannis,C,20,TOT,17,122,12.2,.429,.000,.000,11.6,23.4,17.2,11.2,1.6,4.7,16.0,18.4,,-0.1,0.1,0.0,.005,,-5.5,1.8,-3.7,-0.1
499,389,Georgios Papagiannis,C,20,SAC,16,118,10.7,.415,.000,.000,11.1,24.2,17.4,11.5,0.9,4.8,16.3,18.7,,-0.2,0.1,0.0,-0.018,,-6.3,1.4,-5.0,-0.1
500,389,Georgios Papagiannis,C,20,POR,1,4,58.1,1.000,.000,.000,27.5,0.0,13.6,0.0,24.9,0.0,0.0,11.0,,0.0,0.0,0.1,.675,,17.8,16.3,34.1,0.0
505,394,Justin Patton,C,20,MIN,1,4,19.8,.500,.000,.000,0.0,0.0,0.0,0.0,12.5,0.0,0.0,22.1,,0.0,0.0,0.0,.151,,-0.7,4.0,3.3,0.0
517,401,Kendrick Perkins,C,33,CLE,1,15,8.4,.521,.000,1.000,0.0,7.4,3.7,17.3,3.3,0.0,25.8,11.4,,0.0,0.0,0.0,.026,,-4.9,-0.8,-5.7,0.0
520,404,Marshall Plumlee,C,25,MIL,8,52,10.9,.697,.000,5.333,9.0,29.2,19.2,4.8,0.0,1.6,23.0,11.3,,0.1,0.0,0.2,.143,,-3.7,-1.9,-5.7,0.0
521,405,Mason Plumlee,C,27,DEN,74,1439,16.9,.586,.003,.486,10.4,20.9,15.6,14.4,1.7,4.7,18.7,16.6,,1.8,1.8,3.6,.120,,-0.9,2.7,1.8,1.4
522,406,Miles Plumlee,C,29,ATL,55,918,10.6,.574,.000,.333,9.4,18.3,13.9,7.2,0.9,2.8,23.4,12.8,,0.1,0.7,0.9,.046,,-3.8,1.3,-2.5,-0.1
523,407,Jakob Pöltl,C,22,TOR,82,1524,17.5,.662,.005,.263,12.4,16.4,14.4,5.4,1.3,5.2,16.6,14.8,,3.1,2.4,5.6,.175,,0.4,2.9,3.3,2.0
528,412,Dwight Powell,C,26,DAL,79,1672,18.8,.656,.195,.430,8.7,21.3,14.7,8.5,2.0,1.7,10.3,15.5,,4.6,2.1,6.6,.191,,1.1,1.6,2.7,2.0
533,417,Zhou Qi,C,22,HOU,18,124,1.9,.295,.594,.375,5.5,14.4,10.0,2.1,0.8,9.6,21.2,16.8,,-0.5,0.2,-0.3,-0.104,,-10.3,3.1,-7.2,-0.2
536,420,Julius Randle,C,23,LAL,82,2190,19.9,.606,.050,.470,8.9,22.8,15.9,15.8,0.9,1.7,16.3,25.3,,4.0,2.6,6.6,.145,,0.4,0.6,0.9,1.6
542,425,Willie Reed,C,27,TOT,42,428,19.2,.671,.017,.455,9.1,21.8,15.5,3.6,1.0,4.3,11.6,16.6,,1.0,0.5,1.5,.172,,-0.8,-0.1,-0.9,0.1
543,425,Willie Reed,C,27,LAC,39,419,19.4,.669,.017,.458,9.3,22.0,15.7,3.3,1.0,4.4,11.6,16.8,,1.0,0.5,1.5,.171,,-0.8,0.0,-0.8,0.1
544,425,Willie Reed,C,27,DET,3,9,8.8,1.000,.000,.000,0.0,12.5,6.1,15.9,0.0,0.0,0.0,4.9,,0.0,0.0,0.0,.187,,-0.3,-2.2,-2.5,0.0
561,438,Domantas Sabonis,C,21,IND,74,1810,17.5,.567,.056,.339,10.4,25.2,17.8,12.7,1.1,1.6,15.3,22.1,,2.5,2.2,4.7,.126,,-0.8,0.5,-0.3,0.8
584,458,Jason Smith,C,31,WAS,33,285,8.8,.455,.278,.183,7.2,13.9,10.5,7.4,0.5,4.0,11.4,21.7,,-0.2,0.3,0.0,.003,,-4.8,-1.1,-6.0,-0.3
588,461,Marreese Speights,C,30,ORL,52,675,13.7,.539,.668,.158,3.4,18.4,10.8,9.8,0.6,2.6,9.7,26.9,,0.1,0.5,0.6,.045,,0.2,-2.9,-2.8,-0.1
605,476,Daniel Theis,C,25,BOS,63,936,16.1,.616,.249,.348,10.7,21.2,16.0,9.1,1.6,4.3,17.2,15.5,,1.6,1.9,3.5,.178,,-0.8,3.4,2.6,1.1
611,480,Tristan Thompson,C,26,CLE,53,1072,13.6,.569,.000,.336,13.4,23.3,18.4,4.3,0.7,1.3,11.8,12.6,,1.8,0.7,2.5,.113,,-1.6,-0.9,-2.5,-0.1
615,483,Karl-Anthony Towns,C,22,MIN,82,2918,24.9,.646,.243,.343,9.3,30.9,20.0,10.8,1.1,3.5,10.5,22.9,,10.6,3.4,14.0,.230,,4.4,1.1,5.5,5.5
618,486,Myles Turner,C,21,IND,65,1836,16.6,.567,.246,.322,5.8,19.8,12.8,7.0,1.0,5.7,11.6,20.0,,2.2,2.5,4.7,.122,,-1.1,1.8,0.7,1.3
619,487,Ekpe Udoh,C,30,UTA,63,810,15.2,.560,.008,.467,9.6,11.4,10.5,9.1,2.7,7.7,12.1,9.1,,1.3,1.8,3.2,.187,,-1.1,6.8,5.7,1.6
621,489,Jonas Valančiūnas,C,25,TOR,77,1727,22.5,.628,.108,.307,12.1,30.3,21.4,7.5,0.8,3.2,12.9,22.7,,4.6,3.0,7.6,.210,,0.7,0.8,1.5,1.5
631,494,Nikola Vučević,C,27,ORL,57,1683,19.7,.533,.243,.112,6.6,27.8,17.1,19.9,1.6,3.0,11.0,25.9,,1.3,2.3,3.6,.102,,0.6,2.1,2.7,2.0
649,507,David West,C,37,GSW,73,999,20.9,.600,.021,.209,7.7,18.2,13.3,20.5,2.3,5.9,16.2,21.7,,1.8,1.7,3.5,.168,,-0.2,3.2,3.0,1.3
655,513,Hassan Whiteside,C,28,MIA,54,1364,24.1,.573,.003,.315,14.3,36.6,25.4,6.9,1.4,5.9,12.3,24.7,,2.3,3.0,5.3,.187,,-2.1,2.3,0.2,0.8
672,527,Jeff Withey,C,27,DAL,9,39,8.3,.444,.625,.125,2.8,26.6,14.2,0.0,0.0,6.8,10.6,22.0,,-0.1,0.1,0.0,-0.054,,-9.1,-3.7,-12.8,-0.1
683,536,Cody Zeller,C,25,CHO,33,627,15.9,.602,.019,.545,11.4,19.3,15.3,7.4,1.1,2.8,14.6,15.7,,1.2,0.7,1.9,.145,,-0.6,1.3,0.7,0.4
684,537,Tyler Zeller,C,28,TOT,66,1109,16.0,.598,.084,.237,11.0,19.4,15.2,6.7,0.7,2.5,11.3,16.4,,2.0,0.9,2.9,.126,,-1.1,-0.5,-1.6,0.1
685,537,Tyler Zeller,C,28,BRK,42,703,15.3,.587,.114,.262,9.4,20.0,14.7,6.5,0.6,2.2,12.1,17.9,,1.0,0.6,1.5,.105,,-1.9,-0.6,-2.5,-0.1
686,537,Tyler Zeller,C,28,MIL,24,406,17.1,.622,.019,.181,13.6,18.4,16.0,7.0,0.9,2.9,9.6,13.9,,1.1,0.3,1.4,.163,,0.3,-0.4,-0.1,0.2
688,539,Ante Žižić,C,21,CLE,32,214,24.2,.746,.000,.433,12.8,18.6,15.7,3.8,0.5,5.2,12.1,18.8,,0.9,0.2,1.0,.231,,1.3,-1.2,0.1,0.1
689,540,Ivica Zubac,C,20,LAL,43,410,15.3,.557,.008,.418,11.8,20.1,16.0,8.8,0.9,3.0,15.3,17.6,,0.5,0.5,1.0,.118,,-2.7,0.5,-2.2,0.0
