,Rk,Player,Pos,Age,Tm,G,MP,PER,TS%,3PAr,FTr,ORB%,DRB%,TRB%,AST%,STL%,BLK%,TOV%,USG%,Unnamed: 19,OWS,DWS,WS,WS/48,Unnamed: 24,OBPM,DBPM,BPM,VORP
3,4,Steven Adams,C,25,OKC,80,2669,18.5,.591,.002,.361,14.7,14.8,14.7,6.6,2.0,2.4,12.6,16.4,,5.1,4.0,9.1,.163,,0.6,2.1,2.7,3.2
4,5,Bam Adebayo,C,21,MIA,82,1913,17.9,.623,.031,.465,9.2,24.0,16.6,14.2,1.8,3.0,17.1,15.8,,3.4,3.4,6.8,.171,,-0.6,3.6,3.0,2.4
7,8,LaMarcus Aldridge,C,33,SAS,81,2687,22.9,.576,.032,.312,10.3,19.8,15.1,11.6,0.8,3.4,8.8,26.9,,6.4,2.9,9.3,.167,,1.2,0.5,1.6,2.5
10,11,Jarrett Allen,C,20,BRK,80,2096,18.5,.632,.079,.489,9.6,24.0,16.8,7.9,1.0,4.5,13.0,15.9,,4.4,3.3,7.6,.175,,-0.7,3.2,2.5,2.4
18,17,Ike Anigbogu,C,20,IND,3,6,-6.0,.000,.000,.000,18.9,36.2,27.7,19.4,0.0,14.8,25.0,29.1,,-0.1,0.0,-0.1,-0.480,,-22.5,8.5,-14.0,0.0
29,25,Deandre Ayton,C,20,PHO,71,2183,20.5,.608,.005,.217,11.1,26.1,18.5,9.6,1.3,2.6,11.7,21.2,,4.1,1.7,5.8,.128,,-0.1,0.2,0.2,1.2
37,31,Mo Bamba,C,20,ORL,47,766,14.9,.539,.288,.259,8.8,24.0,16.3,7.4,0.8,7.0,13.7,17.8,,0.3,1.4,1.7,.106,,-3.3,3.1,-0.2,0.4
46,38,Aron Baynes,C,32,BOS,51,821,14.0,.567,.274,.278,11.4,19.8,15.6,9.3,0.7,3.7,13.8,15.2,,1.3,1.1,2.4,.139,,-1.2,1.4,0.2,0.5
53,44,Jordan Bell,C,24,GSW,68,788,12.9,.531,.010,.214,7.8,16.7,12.5,12.3,1.2,5.4,16.7,13.7,,0.5,1.1,1.6,.096,,-3.1,2.8,-0.4,0.3
59,50,Khem Birch,C,26,ORL,50,643,19.2,.640,.007,.550,13.0,18.8,15.8,8.5,1.4,3.8,9.6,14.1,,1.8,1.0,2.8,.212,,0.2,2.3,2.4,0.7
60,51,Bismack Biyombo,C,26,CHO,54,783,14.4,.602,.000,.583,11.0,23.3,17.0,5.9,0.7,4.6,14.8,12.7,,1.2,0.8,2.0,.125,,-2.5,1.5,-1.1,0.2
67,58,Andrew Bogut,C,34,GSW,11,134,13.4,.523,.000,.083,10.0,32.8,21.9,10.6,1.1,5.0,17.7,14.5,,0.1,0.2,0.3,.111,,-4.3,3.1,-1.3,0.0
76,64,Tony Bradley,C,21,UTA,3,36,19.6,.504,.000,.125,27.6,17.7,22.6,4.5,2.7,4.4,15.1,23.6,,0.0,0.1,0.1,.130,,-2.0,1.3,-0.7,0.0
93,79,Thomas Bryant,C,21,WAS,72,1496,21.0,.674,.197,.273,8.1,25.1,16.5,9.3,0.8,3.8,9.6,17.6,,4.3,1.3,5.6,.178,,1.2,0.4,1.6,1.3
116,89,Clint Capela,C,24,HOU,67,2249,23.8,.658,.000,.357,14.4,27.6,20.8,7.1,1.0,3.9,10.0,18.2,,7.8,3.0,10.8,.230,,1.3,1.6,2.9,2.8
120,93,Wendell Carter,C,19,CHI,44,1110,15.2,.541,.086,.302,8.4,21.8,15.0,10.7,1.1,4.5,13.4,19.1,,0.7,1.2,1.9,.080,,-2.4,1.8,-0.5,0.4
126,97,Willie Cauley-Stein,C,25,SAC,81,2213,18.0,.566,.003,.343,8.2,23.7,15.8,12.3,2.0,2.0,9.0,17.5,,3.8,2.9,6.7,.146,,-0.2,2.2,2.0,2.3
129,100,Tyson Chandler,C,36,TOT,55,875,11.2,.630,.010,.879,11.1,25.3,18.3,5.3,1.1,2.2,23.4,8.5,,0.9,1.2,2.1,.114,,-3.1,1.8,-1.3,0.2
130,100,Tyson Chandler,C,36,PHO,7,89,11.5,.653,.000,1.500,8.6,40.5,24.3,9.1,1.1,0.9,26.0,13.0,,0.1,0.1,0.2,.092,,-5.0,0.0,-5.0,-0.1
131,100,Tyson Chandler,C,36,LAL,48,786,11.2,.626,.011,.793,11.4,23.6,17.6,4.8,1.1,2.3,23.0,8.0,,0.9,1.1,1.9,.117,,-2.9,2.0,-0.9,0.2
145,109,Zach Collins,C,21,POR,77,1356,13.5,.562,.303,.315,8.8,16.5,12.7,7.1,0.9,3.9,14.5,16.6,,1.4,1.5,2.9,.104,,-0.9,1.0,0.1,0.7
151,115,DeMarcus Cousins,C,28,GSW,30,771,21.4,.562,.256,.388,6.2,27.0,17.1,20.4,2.5,4.8,14.2,28.1,,0.9,1.5,2.4,.151,,0.2,3.4,3.6,1.1
167,126,Anthony Davis,C,25,NOP,56,1850,30.3,.597,.141,.422,9.9,27.5,18.8,19.0,2.2,6.0,8.4,29.5,,6.4,3.1,9.5,.247,,4.7,3.9,8.5,4.9
168,127,Deyonta Davis,C,22,ATL,9,118,15.6,.682,.045,.455,8.7,23.7,16.0,5.8,1.2,3.7,10.2,10.1,,0.3,0.1,0.4,.145,,-1.7,1.0,-0.7,0.0
169,128,Ed Davis,C,29,BRK,81,1446,17.3,.632,.007,.536,15.8,34.6,25.2,6.0,1.2,1.8,14.6,12.7,,3.3,2.5,5.7,.191,,-1.4,1.7,0.4,0.9
170,129,Tyler Davis,C,21,OKC,1,1,0.0,.000,.000,.000,100.0,0.0,51.6,0.0,0.0,0.0,0.0,40.7,,0.0,0.0,0.0,-0.471,,-15.0,-20.5,-35.5,0.0
171,130,Dewayne Dedmon,C,29,ATL,64,1609,16.0,.602,.413,.215,6.7,25.0,15.7,8.1,2.0,3.8,12.7,16.7,,2.1,1.9,4.0,.119,,-0.4,1.7,1.3,1.3
175,132,Ángel Delgado,C,24,LAC,2,15,4.3,.255,.000,.400,14.6,13.7,14.1,0.0,3.1,0.0,0.0,16.5,,0.0,0.0,0.0,-0.055,,-8.7,-4.0,-12.7,0.0
184,139,Gorgui Dieng,C,29,MIN,76,1031,18.1,.572,.149,.281,8.3,24.1,16.1,10.3,2.2,3.4,11.9,19.6,,1.5,1.3,2.8,.132,,-0.9,1.4,0.5,0.7
195,147,Andre Drummond,C,25,DET,79,2647,23.4,.555,.036,.392,16.8,34.7,25.4,7.2,2.5,4.4,12.4,22.9,,4.1,5.9,10.0,.181,,-0.7,3.6,2.9,3.3
207,155,Joel Embiid,C,24,PHI,64,2154,26.1,.593,.219,.541,8.1,34.0,21.4,18.4,1.0,4.4,13.2,33.3,,4.9,3.8,8.7,.194,,2.0,2.1,4.1,3.3
219,162,Kenneth Faried,C,29,TOT,37,728,21.6,.622,.094,.374,14.4,23.4,18.8,4.6,1.1,2.7,9.7,20.3,,2.1,0.9,2.9,.193,,-0.2,-1.0,-1.2,0.2
220,162,Kenneth Faried,C,29,BRK,12,118,20.5,.622,.119,.381,13.4,25.7,19.6,2.8,0.8,2.7,10.9,19.6,,0.2,0.2,0.4,.168,,-2.0,-1.5,-3.5,0.0
221,162,Kenneth Faried,C,29,HOU,25,610,21.8,.622,.090,.372,14.6,23.0,18.7,4.9,1.2,2.6,9.4,20.4,,1.8,0.7,2.5,.198,,0.1,-0.9,-0.7,0.2
222,163,Derrick Favors,C,27,UTA,76,1766,21.8,.624,.126,.368,12.9,21.3,17.2,8.0,1.5,4.8,10.5,19.4,,4.4,3.5,7.9,.215,,1.1,3.2,4.3,2.8
223,164,Cristiano Felício,C,26,CHI,60,746,13.4,.568,.022,.408,11.4,20.5,15.9,7.2,0.7,0.8,13.5,14.3,,0.9,0.4,1.4,.088,,-2.5,-1.1,-3.5,-0.3
236,175,Channing Frye,C,35,CLE,36,341,8.9,.524,.675,.120,1.2,16.4,8.5,8.6,0.9,1.3,9.5,17.5,,0.1,0.0,0.1,.016,,-1.9,-2.9,-4.8,-0.2
241,180,Marc Gasol,C,34,TOT,79,2436,16.7,.546,.314,.291,3.6,25.1,14.3,22.2,1.7,3.2,13.6,20.7,,2.0,4.0,6.0,.118,,-0.3,3.1,2.8,3.0
242,180,Marc Gasol,C,34,MEM,53,1788,16.9,.541,.324,.294,3.5,25.5,14.3,22.6,1.7,3.3,13.4,22.3,,1.0,2.8,3.9,.104,,-0.3,3.0,2.7,2.1
243,180,Marc Gasol,C,34,TOR,26,648,16.0,.565,.278,.278,4.1,24.0,14.3,21.2,1.8,2.9,14.6,16.3,,0.9,1.2,2.1,.157,,-0.3,3.5,3.2,0.9
245,181,Pau Gasol,C,38,TOT,30,360,16.7,.529,.138,.426,6.7,34.2,20.6,19.1,0.7,3.5,12.5,15.6,,0.5,0.5,1.1,.142,,-2.1,2.7,0.6,0.2
246,181,Pau Gasol,C,38,SAS,27,330,18.0,.544,.114,.432,7.3,34.4,21.0,20.2,0.7,3.6,11.8,15.8,,0.6,0.5,1.1,.160,,-1.4,2.8,1.5,0.3
247,181,Pau Gasol,C,38,MIL,3,30,1.7,.291,.500,.333,0.0,31.9,16.9,7.7,0.0,2.8,22.5,12.4,,-0.1,0.1,0.0,-0.063,,-10.7,1.6,-9.1,-0.1
253,187,Rudy Gobert,C,26,UTA,81,2577,24.6,.682,.000,.733,13.2,30.2,21.9,9.6,1.2,5.8,12.1,17.8,,8.7,5.7,14.4,.268,,2.0,5.1,7.0,5.9
257,191,Marcin Gortat,C,34,LAC,47,751,12.8,.562,.000,.258,9.8,26.5,18.4,12.0,0.4,2.5,19.4,14.4,,0.6,0.8,1.4,.089,,-2.5,1.4,-1.1,0.2
279,208,Montrezl Harrell,C,25,LAC,82,2158,23.4,.636,.019,.466,9.3,16.7,13.1,12.5,1.6,4.0,11.0,23.5,,6.1,2.6,8.7,.193,,2.6,1.6,4.2,3.4
293,217,Udonis Haslem,C,38,MIA,10,74,3.6,.360,.364,.121,4.3,34.5,19.4,4.0,0.0,0.0,7.9,21.9,,-0.2,0.1,-0.1,-0.075,,-10.2,-3.9,-14.1,-0.2
295,219,John Henson,C,28,MIL,14,188,17.1,.553,.463,.149,9.2,28.0,19.2,10.1,1.7,4.9,14.4,18.6,,0.1,0.4,0.6,.146,,-1.8,3.1,1.3,0.2
298,221,Willy Hernangómez,C,24,CHO,58,812,20.4,.587,.132,.488,15.3,26.3,20.7,11.5,1.0,2.1,13.9,22.1,,1.8,0.8,2.6,.153,,0.2,-0.4,-0.2,0.4
303,226,Nenê Hilário,C,36,HOU,42,546,11.9,.552,.026,.405,6.7,18.4,12.5,6.8,1.6,2.3,7.4,11.7,,0.8,0.6,1.4,.123,,-3.0,1.1,-2.0,0.0
315,234,Richaun Holmes,C,25,PHO,70,1184,20.7,.647,.000,.479,10.6,20.5,15.5,7.9,1.7,5.6,10.5,17.9,,3.1,1.1,4.3,.173,,-0.1,1.5,1.4,1.0
319,236,Al Horford,C,32,BOS,68,1973,20.2,.605,.281,.131,6.5,18.3,12.4,21.2,1.4,3.9,11.8,18.9,,4.5,2.9,7.5,.181,,2.1,2.7,4.8,3.4
321,238,Dwight Howard,C,33,WAS,9,230,17.4,.638,.000,.696,11.1,28.3,19.6,2.6,1.4,1.5,15.1,19.6,,0.4,0.2,0.6,.124,,-2.9,-2.3,-5.2,-0.2
323,240,Isaac Humphries,C,21,ATL,5,56,3.4,.357,.524,.000,7.4,13.4,10.3,0.0,0.8,0.0,0.0,15.2,,-0.1,0.0,-0.1,-0.047,,-6.5,-6.3,-12.8,-0.2
327,243,Serge Ibaka,C,29,TOR,74,2010,18.7,.582,.193,.202,8.6,23.2,16.1,7.7,0.7,4.3,10.7,22.9,,2.8,3.3,6.1,.146,,-0.7,1.2,0.5,1.3
352,263,Amir Johnson,C,31,PHI,51,529,13.1,.574,.255,.261,9.7,19.5,14.7,16.0,1.4,1.9,20.5,17.4,,0.4,0.7,1.1,.098,,-1.4,0.6,-0.7,0.2
366,269,Nikola Jokić,C,23,DEN,80,2504,26.3,.589,.224,.292,9.8,27.6,18.7,37.0,2.1,1.9,15.4,27.4,,7.5,4.3,11.8,.226,,5.7,3.8,9.5,7.3
367,270,Damian Jones,C,23,GSW,24,410,15.3,.720,.000,.500,8.4,11.0,9.8,8.7,1.4,5.1,15.1,11.1,,1.0,0.5,1.5,.173,,0.5,2.5,3.0,0.5
373,276,DeAndre Jordan,C,30,TOT,69,2047,19.0,.674,.000,.592,11.7,35.2,23.5,11.6,1.0,3.0,21.4,15.0,,4.0,3.1,7.1,.167,,-0.9,3.3,2.4,2.3
374,276,DeAndre Jordan,C,30,DAL,50,1554,18.0,.672,.000,.613,11.2,35.9,23.6,9.5,1.0,2.9,21.3,14.4,,2.7,2.5,5.3,.162,,-1.4,3.4,2.0,1.6
375,276,DeAndre Jordan,C,30,NYK,19,493,22.1,.681,.000,.537,13.3,33.0,22.9,18.2,0.9,3.4,21.6,16.8,,1.3,0.6,1.9,.181,,0.6,2.9,3.6,0.7
377,278,Frank Kaminsky,C,25,CHO,47,755,16.8,.587,.466,.359,5.5,18.1,11.7,12.9,0.8,1.4,10.6,22.1,,1.3,0.5,1.8,.114,,1.1,-1.9,-0.9,0.2
378,279,Enes Kanter,C,26,TOT,67,1640,22.3,.594,.050,.288,16.4,26.1,21.1,12.1,0.9,1.3,13.3,23.1,,3.9,1.6,5.4,.159,,1.5,-0.2,1.3,1.4
379,279,Enes Kanter,C,26,NYK,44,1128,21.8,.585,.047,.276,15.5,27.5,21.4,13.1,0.8,1.3,13.1,22.9,,2.4,0.9,3.4,.143,,1.0,-0.2,0.8,0.8
380,279,Enes Kanter,C,26,POR,23,512,23.5,.614,.056,.316,18.3,22.8,20.6,9.9,1.3,1.4,13.7,23.4,,1.5,0.6,2.1,.196,,2.5,-0.3,2.3,0.6
395,289,Kosta Koufos,C,29,SAC,42,502,12.3,.477,.000,.157,10.4,26.3,18.2,9.5,1.4,3.1,14.2,15.7,,0.0,0.7,0.7,.063,,-4.3,1.8,-2.5,-0.1
410,300,Alex Len,C,25,ATL,77,1544,17.2,.575,.315,.333,10.5,18.5,14.4,8.6,0.8,3.9,11.5,22.1,,2.2,1.0,3.2,.100,,-0.1,-0.8,-0.9,0.4
413,302,Meyers Leonard,C,26,POR,61,878,15.8,.675,.459,.211,6.1,21.8,14.2,11.8,0.7,0.8,14.0,14.8,,2.1,0.9,3.0,.164,,1.8,-0.4,1.4,0.8
422,309,Kevon Looney,C,22,GSW,80,1481,17.3,.636,.029,.303,14.6,15.4,15.0,10.9,1.5,3.0,11.5,12.8,,4.2,1.8,6.0,.194,,1.9,1.8,3.7,2.1
423,310,Brook Lopez,C,30,MIL,81,2322,14.6,.597,.651,.169,1.5,15.0,8.7,5.7,1.0,6.5,8.9,16.7,,2.3,4.3,6.7,.138,,-0.2,2.9,2.7,2.8
424,311,Robin Lopez,C,30,CHI,74,1606,15.9,.598,.058,.230,9.4,10.0,9.7,8.8,0.3,4.2,14.0,18.6,,2.0,0.7,2.7,.081,,-1.0,-0.1,-1.1,0.4
441,323,Ian Mahinmi,C,32,WAS,34,498,12.0,.531,.154,.587,10.3,17.7,13.9,6.5,2.4,2.7,13.8,12.9,,0.5,0.5,1.0,.092,,-2.3,1.3,-1.0,0.1
443,324,Thon Maker,C,21,MIL,35,409,12.9,.546,.582,.276,4.5,18.5,11.9,5.8,1.1,3.7,5.7,16.3,,0.4,0.7,1.1,.132,,-1.6,0.7,-0.9,0.1
445,325,Boban Marjanović,C,30,TOT,58,681,24.2,.664,.038,.504,14.0,26.9,20.6,12.8,1.1,3.1,15.7,23.3,,2.1,0.9,3.0,.212,,1.4,0.5,1.9,0.7
446,325,Boban Marjanović,C,30,LAC,36,376,24.9,.666,.014,.679,16.0,26.5,21.4,9.3,1.4,3.6,16.9,24.6,,1.2,0.5,1.7,.217,,1.1,0.3,1.4,0.3
447,325,Boban Marjanović,C,30,PHI,22,305,23.3,.663,.067,.300,11.4,27.3,19.6,17.1,0.8,2.6,13.9,21.7,,0.9,0.4,1.3,.204,,1.7,0.7,2.5,0.3
464,337,JaVale McGee,C,31,LAL,75,1671,21.8,.634,.019,.237,12.3,22.5,17.5,4.8,1.3,7.3,13.2,20.2,,3.0,2.9,5.9,.171,,-0.9,2.8,1.9,1.7
471,343,Salah Mejri,C,32,DAL,36,399,16.1,.559,.304,.286,9.7,25.3,17.6,13.2,1.2,5.5,14.3,15.8,,0.5,0.6,1.1,.136,,-1.6,3.5,1.9,0.4
489,357,Greg Monroe,C,28,TOT,43,480,16.0,.521,.026,.381,15.4,22.9,19.3,8.1,1.4,1.4,12.7,22.6,,0.4,0.7,1.1,.108,,-2.9,-0.7,-3.6,-0.2
490,357,Greg Monroe,C,28,TOR,38,423,13.5,.487,.025,.379,15.7,23.8,19.9,5.4,1.5,1.6,14.2,22.2,,-0.1,0.7,0.6,.071,,-4.7,-0.6,-5.3,-0.4
491,357,Greg Monroe,C,28,BOS,2,5,60.2,.600,.000,.000,63.9,0.0,32.0,73.4,0.0,0.0,0.0,43.1,,0.1,0.0,0.1,.534,,38.2,6.8,44.9,0.1
492,357,Greg Monroe,C,28,PHI,3,52,31.7,.736,.043,.478,8.4,17.8,13.2,23.5,0.9,0.0,3.5,23.2,,0.4,0.0,0.4,.370,,7.7,-2.0,5.7,0.1
516,372,Larry Nance,C,26,CLE,67,1795,18.6,.583,.205,.280,10.0,24.9,17.1,17.8,2.8,1.9,15.3,15.5,,3.3,1.6,4.9,.131,,1.4,2.6,4.0,2.7
520,376,Joakim Noah,C,33,MEM,42,693,18.6,.571,.005,.512,9.2,29.6,19.3,20.6,1.4,4.2,16.1,20.0,,1.0,1.2,2.2,.150,,-1.9,3.5,1.6,0.6
521,377,Nerlens Noel,C,24,OKC,77,1055,19.3,.608,.000,.286,12.1,20.0,15.9,5.9,2.9,7.7,13.4,13.8,,1.9,2.5,4.3,.198,,-1.6,5.5,3.9,1.6
528,381,Jusuf Nurkić,C,24,POR,72,1974,23.4,.570,.035,.442,13.4,26.7,20.2,17.9,1.7,4.2,14.6,24.7,,4.4,3.3,7.8,.189,,1.6,3.6,5.1,3.5
531,384,Kyle O'Quinn,C,28,IND,45,371,16.8,.537,.088,.154,8.9,26.4,17.8,22.4,1.2,6.0,17.6,20.8,,0.2,0.8,1.0,.125,,-2.4,4.1,1.8,0.4
533,386,Jahlil Okafor,C,23,NOP,59,935,17.9,.603,.014,.246,9.2,21.4,15.4,6.3,0.7,3.5,11.5,19.9,,1.4,0.8,2.2,.115,,-1.7,-0.5,-2.3,-0.1
542,393,Zaza Pachulia,C,34,DET,68,878,13.7,.539,.021,.642,11.9,21.5,16.5,14.7,1.7,1.6,18.7,15.0,,1.1,1.3,2.3,.128,,-2.1,2.4,0.2,0.5
549,398,Justin Patton,C,21,PHI,3,21,10.5,.317,.286,.286,10.4,19.6,15.1,18.7,4.5,0.0,0.0,15.7,,0.0,0.0,0.0,.079,,-2.3,2.1,-0.2,0.0
558,404,Mason Plumlee,C,28,DEN,82,1731,17.8,.602,.023,.448,10.3,22.5,16.4,19.5,1.9,3.9,19.2,16.2,,2.9,2.9,5.8,.160,,-0.1,3.9,3.8,2.6
559,405,Miles Plumlee,C,30,ATL,18,173,18.9,.654,.000,.625,9.5,14.3,11.8,14.7,1.6,2.0,14.0,16.7,,0.4,0.1,0.5,.145,,0.2,-0.3,-0.1,0.1
560,406,Jakob Pöltl,C,23,SAS,77,1273,19.4,.640,.000,.317,15.4,19.7,17.6,10.0,1.1,4.5,12.7,13.1,,3.5,1.6,5.1,.193,,1.5,2.7,4.2,2.0
568,410,Dwight Powell,C,27,DAL,77,1662,20.4,.682,.261,.523,9.1,17.3,13.2,10.7,1.3,2.6,10.1,17.2,,5.6,1.9,7.5,.215,,2.8,1.2,4.0,2.5
588,427,Mitchell Robinson,C,20,NYK,66,1360,22.0,.692,.000,.464,13.3,19.4,16.3,4.2,1.8,10.0,9.1,12.1,,4.0,2.2,6.1,.217,,0.5,5.2,5.7,2.7
595,434,Domantas Sabonis,C,22,IND,74,1838,21.9,.630,.024,.416,11.5,29.8,20.8,18.2,1.3,1.5,16.2,23.5,,4.3,3.3,7.6,.197,,1.5,2.2,3.7,2.6
633,456,Jason Smith,C,32,WAS,12,130,11.7,.520,.270,.324,9.0,22.1,15.4,12.3,0.4,3.2,14.2,16.1,,0.1,0.1,0.2,.070,,-2.9,-0.3,-3.2,0.0
635,456,Jason Smith,C,32,NOP,2,20,4.6,.405,.778,.222,10.5,10.2,10.4,6.2,0.0,0.0,9.2,22.3,,0.0,0.0,0.0,-0.049,,-2.6,-5.8,-8.4,0.0
662,472,Daniel Theis,C,26,BOS,66,908,17.0,.624,.252,.286,10.2,16.2,13.2,10.5,1.1,4.1,9.9,15.8,,2.3,1.3,3.5,.188,,0.8,1.5,2.3,1.0
667,477,Tristan Thompson,C,27,CLE,43,1198,18.4,.551,.000,.279,15.4,25.7,20.3,11.2,1.2,1.2,12.1,17.7,,2.1,0.5,2.6,.105,,0.2,0.1,0.3,0.7
670,480,Karl-Anthony Towns,C,23,MIN,77,2545,26.3,.622,.270,.342,10.9,29.3,20.0,17.2,1.3,4.2,13.7,28.9,,7.2,3.2,10.4,.197,,4.8,2.0,6.8,5.7
676,485,Myles Turner,C,22,IND,74,2119,18.0,.567,.251,.258,5.4,22.0,13.9,8.0,1.4,8.4,10.3,20.0,,1.9,4.4,6.3,.144,,-1.4,4.7,3.3,2.8
677,486,Ekpe Udoh,C,31,UTA,51,320,20.9,.698,.000,.417,9.3,20.9,15.2,12.8,1.5,7.7,13.2,13.1,,0.9,0.7,1.6,.238,,-0.1,5.7,5.6,0.6
679,488,Jonas Valančiūnas,C,26,TOT,49,1091,24.4,.616,.089,.344,10.7,31.4,21.1,12.0,0.8,4.4,12.7,28.5,,2.2,1.9,4.2,.183,,0.1,1.2,1.2,0.9
680,488,Jonas Valančiūnas,C,26,TOR,30,564,24.4,.639,.116,.363,10.6,30.2,20.6,8.5,1.1,3.4,11.5,25.9,,1.6,1.1,2.6,.224,,0.5,0.5,0.9,0.4
681,488,Jonas Valančiūnas,C,26,MEM,19,527,24.4,.594,.065,.326,10.9,32.7,21.6,15.7,0.6,5.4,13.8,31.4,,0.7,0.9,1.5,.140,,-0.4,2.0,1.6,0.5
685,492,Nikola Vučević,C,28,ORL,80,2510,25.5,.573,.171,.168,9.4,31.9,20.5,21.9,1.6,3.0,9.9,28.0,,5.4,4.7,10.1,.193,,3.0,3.4,6.4,5.3
687,494,Moritz Wagner,C,21,LAL,43,446,10.1,.533,.450,.310,4.0,15.4,9.8,7.4,1.1,2.4,16.7,21.7,,-0.3,0.5,0.2,.020,,-4.0,-1.1,-5.1,-0.3
699,505,Thomas Welsh,C,22,DEN,11,36,16.1,.648,.538,.154,0.0,12.1,6.0,20.5,0.0,0.0,6.7,17.7,,0.1,0.0,0.1,.162,,1.7,-4.3,-2.6,0.0
703,509,Hassan Whiteside,C,29,MIA,72,1674,23.5,.564,.024,.357,16.3,35.6,25.9,5.6,1.3,7.3,11.0,22.6,,2.3,4.0,6.3,.180,,-2.2,3.0,0.8,1.2
707,513,Johnathan Williams,C,23,LAL,24,372,15.1,.599,.018,.436,13.6,13.9,13.7,4.9,1.0,1.5,10.9,16.4,,0.7,0.3,1.0,.135,,-0.9,-0.8,-1.7,0.0
711,517,Robert Williams,C,21,BOS,32,283,18.8,.703,.000,.294,10.2,20.4,15.3,3.3,1.5,12.5,14.8,10.3,,0.5,0.6,1.2,.201,,-2.4,6.7,4.4,0.5
726,527,Cody Zeller,C,26,CHO,49,1243,17.2,.611,.064,.409,9.4,19.7,14.5,12.1,1.5,2.9,13.2,16.3,,2.6,1.2,3.9,.150,,0.2,1.7,2.0,1.2
727,528,Tyler Zeller,C,29,TOT,6,93,17.3,.607,.033,.600,12.9,15.7,14.2,6.7,0.5,3.1,9.5,20.1,,0.2,0.1,0.3,.167,,-1.0,-1.2,-2.2,0.0
728,528,Tyler Zeller,C,29,ATL,2,11,1.5,.000,.500,.000,18.7,39.1,28.7,10.6,0.0,0.0,0.0,7.4,,0.0,0.0,0.0,-0.013,,-6.8,-0.4,-7.2,0.0
729,528,Tyler Zeller,C,29,MEM,4,82,19.4,.640,.000,.643,12.1,12.5,12.3,6.2,0.6,3.5,10.0,21.8,,0.2,0.1,0.3,.191,,-0.3,-1.3,-1.5,0.0
730,529,Ante Žižić,C,22,CLE,59,1082,16.2,.590,.000,.399,10.6,22.8,16.4,7.7,0.6,1.8,13.6,18.2,,1.7,0.3,2.0,.087,,-1.7,-1.4,-3.1,-0.3
731,530,Ivica Zubac,C,21,TOT,59,1040,18.9,.604,.000,.332,11.9,24.2,18.2,9.1,0.6,4.0,13.9,20.3,,1.9,1.3,3.2,.148,,-1.2,1.0,-0.3,0.5
732,530,Ivica Zubac,C,21,LAL,33,516,19.5,.633,.000,.342,11.0,21.2,16.2,7.3,0.4,4.3,12.9,20.5,,1.1,0.6,1.8,.165,,-1.3,0.4,-0.9,0.1
733,530,Ivica Zubac,C,21,LAC,26,524,18.3,.574,.000,.323,12.7,27.2,20.2,10.9,0.9,3.6,14.8,20.1,,0.7,0.7,1.4,.132,,-1.2,1.5,0.3,0.3
