,Rk,Player,Pos,Age,Tm,G,MP,PER,TS%,3PAr,FTr,ORB%,DRB%,TRB%,AST%,STL%,BLK%,TOV%,USG%,Unnamed: 19,OWS,DWS,WS,WS/48,Unnamed: 24,OBPM,DBPM,BPM,VORP
0,1,Steven Adams,C,26,OKC,18,485,21.0,.613,.007,.381,12.6,24.6,18.7,16.3,1.0,3.6,13.8,17.2,,1.2,0.6,1.9,.184,,1.3,2.8,4.1,0.7
1,2,Bam Adebayo,C,22,MIA,22,720,19.4,.608,.029,.600,8.7,26.1,17.9,18.7,1.9,3.7,19.1,19.2,,1.3,1.5,2.7,.182,,-0.2,4.7,4.4,1.2
2,3,LaMarcus Aldridge,C,34,SAS,21,691,20.4,.571,.105,.236,6.7,16.1,11.3,11.6,0.9,4.4,8.9,23.3,,1.3,0.4,1.8,.122,,0.8,0.3,1.0,0.5
5,6,Jarrett Allen,C,21,BRK,22,580,22.9,.674,.006,.590,14.5,27.0,20.9,6.5,1.4,4.2,11.7,15.9,,1.9,0.9,2.7,.227,,1.1,2.0,3.1,0.7
18,19,Deandre Ayton,C,21,PHO,1,33,26.4,.643,.000,.000,9.7,27.6,18.3,0.0,1.4,10.8,0.0,17.9,,0.1,0.1,0.1,.216,,-2.8,0.2,-2.5,0.0
23,23,Mo Bamba,C,21,ORL,20,312,11.9,.494,.371,.095,9.0,28.0,18.3,4.5,0.9,8.0,19.2,18.8,,-0.4,0.7,0.3,.044,,-6.0,3.3,-2.7,-0.1
30,30,Aron Baynes,C,33,PHO,13,312,22.0,.677,.452,.270,6.5,20.1,13.1,19.5,0.6,2.6,9.0,21.0,,1.1,0.3,1.4,.215,,5.4,0.0,5.5,0.6
36,36,Jordan Bell,C,25,MIN,11,100,14.4,.591,.143,.679,11.3,27.7,19.6,11.9,0.0,3.2,26.3,20.2,,0.0,0.1,0.1,.048,,-4.6,0.2,-4.4,-0.1
42,41,Khem Birch,C,27,ORL,13,291,10.7,.514,.023,.591,10.4,17.3,13.7,6.7,1.2,2.8,14.0,9.6,,0.3,0.4,0.7,.109,,-2.9,2.8,-0.1,0.1
43,42,Goga Bitadze,C,20,IND,17,216,13.3,.535,.246,.333,8.3,18.4,13.4,8.6,0.2,7.6,13.3,15.1,,0.2,0.4,0.6,.128,,-2.6,3.6,1.0,0.2
44,43,Bismack Biyombo,C,27,CHO,22,366,17.8,.584,.000,.591,10.1,19.0,14.3,8.3,0.8,4.2,9.2,18.1,,0.7,0.2,1.0,.125,,-1.4,0.0,-1.4,0.1
57,56,Tony Bradley,C,22,UTA,17,161,19.1,.622,.000,.320,16.8,23.3,20.1,4.1,0.6,4.2,12.3,17.5,,0.4,0.3,0.7,.201,,-0.8,0.8,0.0,0.1
70,68,Moses Brown,C,20,POR,4,15,15.4,.457,.000,.571,13.8,47.2,30.7,0.0,3.1,0.0,10.2,27.3,,0.0,0.0,0.0,.058,,-10.7,-8.0,-18.7,-0.1
74,72,Thomas Bryant,C,22,WAS,18,511,19.3,.605,.190,.288,8.6,24.7,16.3,12.8,0.7,3.0,10.4,18.6,,1.3,0.1,1.4,.132,,1.6,0.1,1.7,0.5
82,80,Clint Capela,C,25,HOU,18,583,21.3,.626,.000,.295,13.3,32.7,23.1,5.1,1.3,5.2,13.4,16.5,,1.3,1.0,2.3,.190,,-1.3,2.7,1.4,0.5
87,84,Wendell Carter,C,20,CHI,23,684,16.9,.606,.077,.456,12.3,23.2,17.5,4.9,1.2,2.7,13.3,16.5,,1.3,0.9,2.2,.155,,-1.2,1.3,0.0,0.4
90,87,Willie Cauley-Stein,C,26,GSW,21,468,16.1,.563,.000,.191,7.1,24.7,15.8,11.1,2.3,4.7,12.3,14.8,,0.5,0.6,1.0,.105,,-2.3,2.8,0.4,0.3
91,88,Tyson Chandler,C,37,HOU,18,163,12.8,.740,.000,.529,11.9,18.7,15.3,4.8,1.4,3.7,22.3,6.7,,0.3,0.2,0.5,.154,,-1.3,2.3,1.0,0.1
116,112,Ed Davis,C,30,UTA,11,135,8.2,.485,.000,.316,11.7,29.3,20.8,5.1,1.4,3.7,29.4,9.8,,0.0,0.3,0.2,.083,,-5.2,4.1,-1.2,0.0
118,114,Dewayne Dedmon,C,30,SAC,21,305,7.8,.487,.466,.126,9.4,22.9,15.9,4.0,1.5,3.4,22.2,19.9,,-0.5,0.3,-0.2,-0.025,,-5.4,-0.2,-5.6,-0.3
121,117,Cheick Diallo,C,23,PHO,16,170,22.6,.756,.018,.304,8.8,24.8,16.5,8.6,0.6,2.1,11.2,17.8,,0.6,0.2,0.8,.222,,1.7,-0.5,1.2,0.1
123,119,Gorgui Dieng,C,30,MIN,17,216,18.1,.525,.342,.219,7.6,26.1,16.9,13.5,2.6,6.2,12.1,17.3,,0.2,0.4,0.6,.138,,-1.8,4.4,2.6,0.2
132,127,Andre Drummond,C,26,DET,23,786,23.0,.566,.038,.325,16.1,40.3,28.4,14.9,2.5,4.8,19.3,24.5,,0.8,1.7,2.5,.152,,-0.6,5.0,4.4,1.3
138,133,Joel Embiid,C,25,PHI,18,546,24.7,.579,.233,.548,10.0,36.2,23.6,14.9,1.4,3.8,14.0,32.0,,1.1,1.2,2.3,.205,,0.3,2.3,2.6,0.6
143,138,Tacko Fall,C,24,BOS,1,4,8.1,.500,.000,.000,0.0,77.9,39.0,0.0,0.0,0.0,20.0,53.3,,0.0,0.0,0.0,-0.218,,-25.1,-14.6,-39.7,0.0
144,139,Derrick Favors,C,28,NOP,9,189,19.6,.618,.034,.103,16.9,28.5,22.5,15.1,1.2,1.8,18.8,16.3,,0.4,0.1,0.5,.135,,0.7,1.0,1.8,0.2
147,141,Bruno Fernando,C,21,ATL,22,270,13.2,.589,.197,.310,10.7,14.9,12.8,13.0,0.9,3.0,20.7,15.6,,0.2,0.1,0.3,.055,,-1.1,-0.5,-1.5,0.0
157,151,Daniel Gafford,C,21,CHI,14,147,17.3,.694,.000,.618,8.9,9.7,9.3,1.1,0.0,6.9,4.4,12.8,,0.4,0.1,0.5,.178,,-1.4,0.7,-0.7,0.0
161,155,Marc Gasol,C,35,TOR,21,602,8.9,.477,.542,.183,2.5,19.1,11.2,16.1,1.0,3.3,16.5,12.1,,0.1,1.1,1.1,.090,,-2.3,3.5,1.3,0.5
164,158,Taj Gibson,C,34,NYK,21,344,15.3,.541,.094,.156,12.0,17.2,14.4,11.8,2.0,1.4,12.0,14.4,,0.5,0.2,0.7,.098,,-0.3,0.4,0.1,0.2
168,161,Rudy Gobert,C,27,UTA,21,712,20.2,.675,.000,.714,11.1,30.8,21.3,6.5,1.1,4.6,16.9,16.2,,1.6,1.5,3.1,.209,,-0.1,4.1,4.0,1.1
190,182,Montrezl Harrell,C,26,LAC,23,678,24.3,.614,.027,.403,10.4,16.9,13.7,12.5,1.3,3.5,10.0,23.4,,2.1,1.1,3.1,.221,,2.5,2.4,4.8,1.2
196,188,Isaiah Hartenstein,C,21,HOU,8,96,14.5,.781,.067,.733,8.5,19.0,13.8,5.7,1.0,3.6,23.2,10.8,,0.2,0.1,0.3,.165,,-1.4,1.4,0.0,0.0
198,190,Jaxson Hayes,C,19,NOP,20,421,17.2,.640,.018,.559,10.3,13.3,11.7,4.5,1.6,4.6,11.5,15.3,,1.0,0.2,1.2,.137,,-0.2,0.9,0.7,0.3
201,193,Dewan Hernandez,C,23,TOR,3,9,7.1,.340,.200,.400,23.9,53.6,39.6,0.0,5.3,0.0,14.5,32.7,,0.0,0.0,0.0,.020,,-14.9,-7.0,-21.9,0.0
203,195,Willy Hernangómez,C,25,CHO,7,57,15.7,.510,.250,.400,16.6,24.4,20.3,5.5,0.9,4.7,17.5,21.7,,0.0,0.0,0.0,.033,,-4.0,-1.2,-5.2,0.0
215,206,Richaun Holmes,C,26,SAC,21,604,21.1,.691,.000,.301,10.8,23.9,17.1,5.9,1.5,4.6,9.6,15.0,,1.9,0.8,2.7,.213,,1.5,2.3,3.8,0.9
217,208,Al Horford,C,33,PHI,21,646,18.8,.569,.340,.143,6.7,18.0,12.5,19.0,1.7,2.7,8.5,18.8,,1.4,1.1,2.5,.188,,2.3,2.4,4.7,1.1
219,210,Dwight Howard,C,34,LAL,23,458,17.2,.710,.024,.774,11.7,27.0,19.6,5.2,0.9,6.4,18.2,12.8,,1.0,1.0,2.0,.210,,-0.7,3.9,3.2,0.6
223,214,Serge Ibaka,C,30,TOR,11,243,17.0,.573,.224,.259,6.2,22.2,14.7,7.6,1.2,4.1,15.7,27.0,,0.0,0.5,0.5,.100,,-3.0,1.0,-2.1,0.0
232,222,Jaren Jackson,C,20,MEM,21,567,15.1,.568,.423,.228,5.0,14.4,9.6,8.0,0.9,3.8,11.5,24.8,,0.4,0.3,0.7,.059,,0.3,-1.7,-1.4,0.1
247,237,Nikola Jokić,C,24,DEN,20,617,20.0,.525,.279,.188,7.3,27.7,17.4,31.5,1.8,1.8,14.6,24.4,,0.8,1.4,2.1,.165,,1.9,4.1,6.0,1.2
248,238,Damian Jones,C,24,ATL,21,397,17.7,.733,.053,.453,9.5,13.8,11.6,6.1,1.2,3.8,11.6,13.5,,1.2,0.1,1.3,.161,,1.7,-0.1,1.6,0.4
252,241,DeAndre Jordan,C,31,BRK,19,411,21.7,.706,.000,.457,11.4,33.3,22.6,13.7,0.9,4.1,15.3,13.1,,1.3,0.7,1.9,.227,,0.6,3.3,3.9,0.6
254,243,Mfiondu Kabengele,C,22,LAC,7,33,17.6,.573,.529,.176,0.0,15.1,7.7,0.0,1.4,2.7,0.0,22.6,,0.1,0.0,0.1,.175,,-1.2,-4.1,-5.3,0.0
255,244,Frank Kaminsky,C,26,PHO,22,531,12.9,.523,.405,.344,4.8,20.4,12.3,13.0,0.7,1.5,9.7,19.8,,0.4,0.4,0.8,.072,,-1.1,-0.4,-1.6,0.1
256,245,Enes Kanter,C,27,BOS,14,221,23.8,.618,.015,.515,17.0,22.1,19.5,11.2,2.0,2.6,11.7,18.2,,0.7,0.4,1.2,.254,,2.1,2.4,4.5,0.4
260,249,Maxi Kleber,C,28,DAL,21,521,13.0,.587,.607,.222,7.4,16.3,12.0,5.6,0.5,2.2,9.2,13.2,,1.0,0.5,1.5,.135,,0.8,0.2,1.0,0.4
265,254,Luke Kornet,C,24,CHI,12,132,8.6,.415,.565,.109,3.8,12.4,7.9,6.7,0.7,7.0,5.9,16.2,,-0.1,0.2,0.1,.019,,-5.0,1.8,-3.2,0.0
269,258,Skal Labissière,C,23,POR,23,382,16.6,.604,.075,.206,12.2,18.3,15.3,9.3,0.7,5.2,16.5,15.3,,0.7,0.3,1.0,.130,,-0.2,1.8,1.6,0.3
278,266,Alex Len,C,26,ATL,21,351,15.7,.566,.220,.347,8.2,21.3,14.8,8.3,1.3,4.3,13.4,18.6,,0.3,0.2,0.6,.079,,-1.6,0.0,-1.6,0.0
284,272,Kevon Looney,C,23,GSW,4,45,8.9,.422,.063,.250,19.1,17.1,18.1,6.8,0.0,3.9,18.4,20.6,,-0.1,0.0,0.0,-0.051,,-6.0,-2.3,-8.3,-0.1
285,273,Brook Lopez,C,31,MIL,21,556,13.7,.529,.568,.240,2.1,15.5,9.1,6.9,1.2,8.1,9.8,16.5,,0.3,1.3,1.6,.134,,-1.6,4.6,3.0,0.7
286,274,Robin Lopez,C,31,MIL,23,332,9.8,.567,.404,.181,8.1,11.0,9.6,5.8,0.5,4.2,22.2,16.1,,0.0,0.5,0.5,.074,,-2.6,1.5,-1.1,0.1
294,281,Ian Mahinmi,C,33,WAS,1,13,13.0,.518,.000,.800,24.0,17.5,20.9,0.0,0.0,0.0,12.9,24.5,,0.0,0.0,0.0,.072,,-4.6,-10.4,-15.0,0.0
295,282,Thon Maker,C,22,DET,21,227,11.4,.609,.326,.721,5.1,13.4,9.3,5.4,1.3,4.8,16.3,12.9,,0.2,0.2,0.4,.090,,-2.0,1.4,-0.6,0.1
297,284,Boban Marjanović,C,31,DAL,10,131,21.2,.595,.018,.286,12.2,30.4,21.7,8.5,0.7,1.9,12.5,23.2,,0.3,0.2,0.5,.185,,-1.6,-0.6,-2.2,0.0
310,297,JaVale McGee,C,32,LAL,23,380,21.3,.621,.000,.211,13.5,27.2,20.6,5.7,1.8,6.5,11.8,17.1,,0.8,0.9,1.8,.224,,-0.8,3.8,3.0,0.5
317,303,Nicolò Melli,C,29,NOP,21,336,11.1,.553,.684,.224,4.3,14.4,9.2,9.7,1.9,1.0,12.9,15.1,,0.3,0.1,0.4,.054,,-0.4,-1.0,-1.5,0.0
341,326,Mike Muscala,C,28,OKC,13,150,8.3,.423,.750,.154,4.5,19.5,12.2,13.1,1.0,1.6,8.3,17.9,,-0.1,0.1,0.1,.018,,-2.2,-0.9,-3.1,0.0
344,329,Larry Nance,C,27,CLE,20,525,17.1,.602,.422,.201,8.0,22.7,15.1,8.9,1.8,1.6,11.1,15.4,,0.9,0.4,1.3,.119,,1.3,0.6,1.9,0.5
348,333,Nerlens Noel,C,25,OKC,20,371,20.9,.686,.000,.440,7.6,19.9,13.9,12.4,2.5,7.1,16.8,15.6,,0.9,0.7,1.6,.208,,0.4,5.3,5.7,0.7
355,340,Kyle O'Quinn,C,29,PHI,14,147,16.4,.581,.302,.140,12.7,28.1,20.7,19.5,0.7,6.3,24.7,17.6,,0.1,0.3,0.4,.134,,-1.4,4.4,3.0,0.2
358,342,Jahlil Okafor,C,24,NOP,14,252,18.2,.653,.024,.434,9.4,17.9,13.5,12.2,0.9,4.9,19.5,20.1,,0.4,0.1,0.6,.108,,-0.9,0.9,0.1,0.1
362,346,Kelly Olynyk,C,28,MIA,22,513,13.9,.632,.585,.224,5.1,18.5,12.2,8.9,2.0,1.7,16.1,16.2,,0.7,0.9,1.5,.143,,0.5,1.4,1.9,0.5
370,354,Justin Patton,C,22,OKC,2,9,-10.3,.333,.333,.000,0.0,24.1,12.3,0.0,0.0,0.0,25.0,19.7,,-0.1,0.0,0.0,-0.236,,-15.1,-5.9,-20.9,0.0
375,359,Mason Plumlee,C,29,DEN,20,336,19.9,.604,.031,.531,11.3,26.1,18.6,20.7,2.2,4.1,20.7,19.1,,0.5,0.8,1.3,.189,,-0.2,5.3,5.1,0.6
376,360,Vincent Poirier,C,26,BOS,8,35,13.2,.506,.000,.200,17.9,11.9,14.9,12.5,1.4,5.4,21.6,16.9,,0.0,0.1,0.1,.109,,-2.1,3.2,1.1,0.0
378,361,Jakob Pöltl,C,24,SAS,23,435,18.8,.599,.000,.337,12.7,21.4,17.0,11.0,1.5,5.9,15.3,13.3,,0.8,0.5,1.3,.145,,0.1,3.3,3.4,0.6
384,367,Bobby Portis,C,24,NYK,23,502,12.6,.476,.328,.126,7.2,21.7,14.0,8.3,1.5,1.6,9.1,19.5,,0.0,0.3,0.3,.029,,-2.3,-1.1,-3.5,-0.2
386,369,Dwight Powell,C,28,DAL,19,480,14.4,.700,.137,.411,6.7,12.0,9.5,6.5,1.6,1.4,13.8,11.4,,1.0,0.5,1.6,.156,,1.2,1.4,2.6,0.6
397,380,Mitchell Robinson,C,21,NYK,19,403,23.6,.689,.000,.584,13.7,20.3,16.8,5.1,1.7,9.0,11.2,15.1,,1.3,0.5,1.8,.212,,1.3,3.6,5.0,0.7
405,387,Domantas Sabonis,C,23,IND,21,722,20.4,.572,.081,.325,11.6,30.6,21.2,16.2,1.1,1.4,15.1,23.9,,1.3,1.3,2.6,.173,,0.6,2.4,3.0,0.9
432,413,Daniel Theis,C,27,BOS,18,387,14.8,.548,.160,.330,7.8,24.4,16.1,8.7,1.1,6.8,12.2,13.5,,0.5,0.8,1.3,.160,,-2.2,4.8,2.6,0.5
436,417,Tristan Thompson,C,28,CLE,21,651,19.6,.537,.030,.283,13.4,21.9,17.5,13.0,1.3,3.2,10.4,19.5,,1.1,0.5,1.6,.115,,0.7,1.6,2.3,0.7
439,420,Karl-Anthony Towns,C,24,MIN,19,637,28.7,.656,.500,.319,7.9,28.7,18.3,23.6,1.5,3.4,13.3,28.1,,2.5,0.9,3.4,.253,,7.6,2.2,9.8,1.9
445,425,Myles Turner,C,23,IND,15,466,13.1,.542,.426,.241,5.3,14.9,10.1,4.6,1.1,6.9,13.3,16.7,,0.1,0.8,1.0,.099,,-1.9,3.5,1.7,0.4
446,426,Jonas Valančiūnas,C,27,MEM,20,493,21.1,.628,.144,.216,11.2,31.5,21.2,12.2,0.8,3.2,16.5,23.0,,0.8,0.4,1.3,.125,,0.6,0.3,0.8,0.4
450,430,Noah Vonleh,C,24,MIN,14,177,12.4,.555,.233,.442,9.9,19.7,14.8,11.8,1.0,1.3,20.2,14.9,,0.2,0.1,0.3,.083,,-2.6,0.2,-2.4,0.0
451,431,Nikola Vučević,C,29,ORL,14,431,22.2,.524,.237,.185,9.9,30.7,20.0,20.0,1.0,3.1,8.1,24.9,,0.8,0.8,1.5,.169,,1.4,2.6,4.0,0.7
453,433,Moritz Wagner,C,22,WAS,19,386,18.9,.684,.347,.253,8.1,25.1,16.2,9.2,1.8,2.6,20.1,22.2,,0.6,0.2,0.9,.108,,1.5,-0.5,1.0,0.3
468,447,Hassan Whiteside,C,30,POR,20,561,24.6,.636,.000,.359,13.3,32.1,22.8,7.0,0.8,6.2,14.5,21.2,,1.5,0.8,2.3,.200,,0.1,2.0,2.1,0.6
474,453,Robert Williams,C,22,BOS,19,269,18.5,.671,.000,.286,8.9,24.7,16.8,11.0,3.1,7.3,22.5,11.3,,0.4,0.7,1.1,.204,,-1.1,7.4,6.3,0.6
483,461,Cody Zeller,C,27,CHO,21,496,17.7,.584,.204,.276,13.4,23.2,18.0,8.3,1.0,1.8,14.7,20.8,,0.7,0.3,1.0,.096,,-0.4,-1.2,-1.6,0.0
484,462,Ante Žižić,C,23,CLE,7,82,15.0,.582,.000,.250,9.0,19.0,13.8,0.0,1.2,1.0,3.6,14.4,,0.2,0.0,0.2,.112,,-3.4,-4.7,-8.1,-0.1
485,463,Ivica Zubac,C,22,LAC,23,377,22.8,.646,.016,.416,14.9,26.2,20.7,8.1,0.5,5.6,12.4,18.2,,1.2,0.7,1.9,.248,,0.8,2.9,3.7,0.5
